time,sensortype,gt_x,gt_y,gt_vx,gt_vy,est_x,est_y,est_vx,est_vy,rmse_x,rmse_y,rmse_vx,rmse_vy,nis
1477010443000000,LASER,0.600,0.600,5.200,0.000,0.312,0.580,0.000,0.000,0.288,0.020,5.200,0.000,0.000
1477010443100000,LASER,1.120,0.600,5.199,0.005,1.155,0.483,0.083,0.000,0.358,0.069,5.172,0.003,0.729
1477010443200000,LASER,1.640,0.601,5.198,0.018,1.450,0.553,0.987,0.009,0.307,0.078,4.983,0.007,4.823
1477010443300000,LASER,2.160,0.604,5.197,0.038,1.921,0.589,2.431,0.249,0.323,0.069,4.622,0.080,8.281
1477010443400000,LASER,2.679,0.609,5.195,0.065,2.482,0.646,3.208,0.432,0.336,0.062,4.231,0.156,4.508
1477010443500000,LASER,3.199,0.617,5.191,0.099,2.911,0.641,3.548,-0.126,0.345,0.058,3.905,0.189,1.443
1477010443600000,LASER,3.718,0.629,5.188,0.140,3.588,0.377,3.682,-2.215,0.354,0.088,3.645,0.679,10.246
1477010443700000,LASER,4.236,0.645,5.183,0.188,4.157,0.491,4.569,-0.174,0.345,0.113,3.419,0.886,4.178
1477010443800000,LASER,4.754,0.667,5.176,0.243,4.504,0.758,4.028,1.194,0.340,0.116,3.227,0.869,4.301
1477010443900000,LASER,5.272,0.694,5.169,0.304,5.164,0.724,4.805,0.636,0.343,0.111,3.065,0.852,10.709
1477010444000000,LASER,5.788,0.728,5.159,0.373,5.796,0.724,5.188,0.259,0.336,0.106,2.916,0.813,3.984
1477010444100000,LASER,6.304,0.769,5.148,0.448,6.314,0.880,5.168,0.899,0.325,0.104,2.787,0.783,0.671
1477010444200000,LASER,6.818,0.818,5.135,0.530,6.816,0.808,5.185,0.208,0.316,0.101,2.673,0.759,1.141
1477010444300000,LASER,7.331,0.875,5.119,0.618,7.260,0.910,5.066,0.522,0.308,0.098,2.572,0.734,1.310
1477010444400000,LASER,7.842,0.942,5.100,0.712,7.780,0.820,5.095,-0.035,0.304,0.097,2.482,0.722,1.140
1477010444500000,LASER,8.351,1.018,5.078,0.813,8.274,0.828,5.080,-0.062,0.299,0.104,2.401,0.730,0.060
1477010444600000,LASER,8.858,1.105,5.052,0.919,8.770,0.940,5.068,0.271,0.296,0.112,2.327,0.734,1.149
1477010444700000,LASER,9.362,1.202,5.023,1.031,9.269,1.008,5.057,0.384,0.294,0.119,2.259,0.731,0.163
1477010444800000,LASER,9.863,1.311,4.989,1.148,9.840,1.236,5.074,0.943,0.291,0.123,2.197,0.721,6.287
1477010444900000,LASER,10.360,1.432,4.951,1.270,10.319,1.393,5.003,1.173,0.287,0.122,2.140,0.704,0.669
1477010445000000,LASER,10.853,1.565,4.908,1.397,10.799,1.490,4.975,1.197,0.284,0.121,2.088,0.688,0.360
1477010445100000,LASER,11.342,1.712,4.859,1.528,11.360,1.604,5.028,1.246,0.281,0.121,2.039,0.674,2.949
1477010445200000,LASER,11.825,1.871,4.805,1.664,11.843,1.741,4.986,1.343,0.276,0.123,1.993,0.663,0.237
1477010445300000,LASER,12.303,2.045,4.745,1.803,12.340,1.843,4.980,1.341,0.273,0.128,1.951,0.654,0.262
1477010445400000,LASER,12.774,2.232,4.678,1.945,12.778,2.062,4.871,1.591,0.268,0.135,1.911,0.647,2.993
1477010445500000,LASER,13.239,2.434,4.605,2.090,13.221,2.298,4.766,1.826,0.265,0.139,1.874,0.638,1.926
1477010445600000,LASER,13.696,2.651,4.524,2.237,13.716,2.526,4.726,2.000,0.262,0.141,1.839,0.629,1.365
1477010445700000,LASER,14.144,2.882,4.437,2.386,14.180,2.800,4.637,2.231,0.259,0.143,1.805,0.619,1.363
1477010445800000,LASER,14.583,3.128,4.341,2.536,14.613,2.999,4.571,2.296,0.256,0.144,1.774,0.610,1.696
1477010445900000,LASER,15.012,3.389,4.237,2.687,15.044,3.321,4.440,2.560,0.252,0.145,1.744,0.601,2.283
1477010446000000,LASER,15.431,3.666,4.126,2.838,15.477,3.655,4.315,2.800,0.249,0.145,1.716,0.592,1.996
1477010446100000,LASER,15.837,3.957,4.006,2.988,15.914,3.954,4.234,2.943,0.246,0.144,1.689,0.582,0.333
1477010446200000,LASER,16.232,4.264,3.877,3.137,16.320,4.309,4.094,3.156,0.243,0.143,1.663,0.573,1.156
1477010446300000,LASER,16.613,4.585,3.740,3.284,16.697,4.651,3.947,3.321,0.240,0.142,1.639,0.565,0.538
1477010446400000,LASER,16.980,4.921,3.594,3.429,17.051,5.056,3.746,3.556,0.237,0.142,1.615,0.557,1.756
1477010446500000,LASER,17.332,5.271,3.440,3.570,17.390,5.432,3.573,3.715,0.234,0.141,1.593,0.549,0.583
1477010446600000,LASER,17.668,5.635,3.276,3.708,17.765,5.759,3.507,3.762,0.232,0.140,1.571,0.542,1.144
1477010446700000,LASER,17.987,6.013,3.105,3.840,18.110,6.147,3.375,3.886,0.229,0.139,1.551,0.535,0.042
1477010446800000,LASER,18.289,6.403,2.924,3.968,18.380,6.588,3.121,4.082,0.226,0.139,1.531,0.528,2.024
1477010446900000,LASER,18.572,6.806,2.736,4.089,18.670,6.957,2.982,4.144,0.224,0.138,1.512,0.521,2.920
1477010447000000,LASER,18.836,7.221,2.539,4.203,19.021,7.318,2.958,4.156,0.222,0.137,1.495,0.515,2.158
1477010447100000,LASER,19.080,7.647,2.335,4.310,19.226,7.791,2.657,4.344,0.220,0.137,1.478,0.509,3.242
1477010447200000,LASER,19.303,8.083,2.123,4.408,19.403,8.236,2.366,4.469,0.218,0.137,1.462,0.503,4.712
1477010447300000,LASER,19.504,8.529,1.904,4.498,19.586,8.631,2.156,4.510,0.215,0.136,1.446,0.497,8.472
1477010447400000,LASER,19.683,8.983,1.678,4.578,19.863,9.031,2.121,4.518,0.214,0.135,1.431,0.491,2.543
1477010447500000,LASER,19.840,9.445,1.447,4.649,20.093,9.475,2.004,4.574,0.213,0.135,1.417,0.486,0.279
1477010447600000,LASER,19.973,9.913,1.210,4.708,20.252,9.939,1.782,4.654,0.214,0.135,1.405,0.481,0.572
1477010447700000,LASER,20.082,10.386,0.968,4.757,20.346,10.435,1.466,4.757,0.215,0.135,1.393,0.476,2.136
1477010447800000,LASER,20.166,10.864,0.722,4.793,20.445,10.937,1.197,4.838,0.215,0.135,1.381,0.471,0.690
1477010447900000,LASER,20.226,11.345,0.473,4.818,20.490,11.423,0.881,4.887,0.216,0.135,1.368,0.466,2.093
1477010448000000,LASER,20.261,11.828,0.220,4.830,20.580,11.916,0.688,4.923,0.218,0.135,1.357,0.462,0.104
1477010448100000,LASER,20.270,12.311,-0.034,4.830,20.541,12.437,0.287,4.965,0.219,0.135,1.345,0.458,3.212
1477010448200000,LASER,20.254,12.793,-0.289,4.816,20.542,12.929,0.025,4.967,0.221,0.135,1.333,0.454,0.182
1477010448300000,LASER,20.212,13.274,-0.545,4.789,20.436,13.394,-0.379,4.916,0.222,0.135,1.322,0.450,6.188
1477010448400000,LASER,20.145,13.751,-0.801,4.749,20.366,13.886,-0.663,4.886,0.222,0.135,1.310,0.446,0.114
1477010448500000,LASER,20.052,14.223,-1.055,4.695,20.237,14.368,-1.007,4.823,0.222,0.135,1.298,0.442,0.898
1477010448600000,LASER,19.934,14.690,-1.307,4.628,20.017,14.834,-1.453,4.701,0.222,0.134,1.287,0.439,3.800
1477010448700000,LASER,19.791,15.149,-1.556,4.548,19.907,15.288,-1.632,4.627,0.220,0.134,1.276,0.435,1.166
1477010448800000,LASER,19.623,15.599,-1.801,4.454,19.782,15.721,-1.798,4.536,0.220,0.134,1.265,0.432,2.484
1477010448900000,LASER,19.431,16.039,-2.041,4.347,19.550,16.140,-2.112,4.382,0.219,0.133,1.254,0.428,1.307
1477010449000000,LASER,19.215,16.468,-2.276,4.227,19.288,16.520,-2.423,4.183,0.219,0.132,1.244,0.425,3.509
1477010449100000,LASER,18.976,16.884,-2.504,4.095,19.020,16.914,-2.686,4.009,0.217,0.132,1.234,0.421,0.331
1477010449200000,LASER,18.714,17.287,-2.725,3.951,18.709,17.312,-2.964,3.827,0.216,0.132,1.224,0.418,0.770
1477010449300000,LASER,18.431,17.674,-2.939,3.796,18.312,17.643,-3.329,3.521,0.215,0.132,1.215,0.416,3.318
1477010449400000,LASER,18.127,18.045,-3.143,3.629,18.036,18.012,-3.442,3.395,0.214,0.132,1.206,0.413,1.953
1477010449500000,LASER,17.803,18.399,-3.338,3.452,17.729,18.333,-3.579,3.207,0.212,0.133,1.197,0.411,2.311
1477010449600000,LASER,17.459,18.735,-3.524,3.265,17.372,18.657,-3.747,3.016,0.211,0.133,1.188,0.408,0.142
1477010449700000,LASER,17.098,19.052,-3.699,3.069,17.029,18.948,-3.868,2.822,0.210,0.134,1.180,0.406,1.394
1477010449800000,LASER,16.720,19.349,-3.863,2.865,16.607,19.176,-4.068,2.511,0.208,0.136,1.171,0.405,1.013
1477010449900000,LASER,16.326,19.625,-4.015,2.652,16.218,19.466,-4.172,2.357,0.207,0.138,1.163,0.403,1.389
1477010450000000,LASER,15.918,19.879,-4.156,2.433,15.836,19.743,-4.243,2.225,0.206,0.140,1.154,0.401,1.533
1477010450100000,LASER,15.496,20.111,-4.285,2.208,15.429,20.014,-4.320,2.097,0.205,0.141,1.146,0.398,1.741
1477010450200000,LASER,15.061,20.320,-4.401,1.978,15.049,20.286,-4.346,2.020,0.204,0.141,1.138,0.395,2.959
1477010450300000,LASER,14.616,20.506,-4.504,1.743,14.630,20.516,-4.411,1.877,0.203,0.140,1.131,0.393,0.637
1477010450400000,LASER,14.161,20.669,-4.595,1.504,14.154,20.656,-4.535,1.584,0.203,0.139,1.123,0.391,0.887
1477010450500000,LASER,13.698,20.807,-4.674,1.263,13.650,20.767,-4.657,1.269,0.202,0.139,1.116,0.389,1.989
1477010450600000,LASER,13.227,20.921,-4.739,1.020,13.166,20.863,-4.732,0.985,0.202,0.138,1.108,0.386,0.273
1477010450700000,LASER,12.751,21.011,-4.792,0.775,12.727,20.990,-4.744,0.828,0.201,0.138,1.101,0.384,1.517
1477010450800000,LASER,12.269,21.076,-4.832,0.531,12.246,21.073,-4.784,0.606,0.200,0.137,1.094,0.382,0.162
1477010450900000,LASER,11.785,21.117,-4.860,0.287,11.743,21.042,-4.822,0.211,0.200,0.136,1.087,0.380,2.251
1477010451000000,LASER,11.298,21.134,-4.876,0.044,11.278,21.059,-4.815,-0.024,0.199,0.135,1.081,0.377,0.396
1477010451100000,LASER,10.810,21.126,-4.881,-0.197,10.808,21.011,-4.790,-0.336,0.199,0.135,1.074,0.375,0.775
1477010451200000,LASER,10.323,21.094,-4.873,-0.435,10.313,21.037,-4.798,-0.464,0.199,0.135,1.068,0.373,2.656
1477010451300000,LASER,9.837,21.039,-4.856,-0.669,9.859,20.980,-4.749,-0.703,0.198,0.134,1.061,0.371,0.981
1477010451400000,LASER,9.353,20.961,-4.827,-0.900,9.410,20.891,-4.686,-0.955,0.198,0.133,1.055,0.369,0.889
1477010451500000,LASER,8.872,20.859,-4.789,-1.126,8.908,20.797,-4.666,-1.173,0.198,0.132,1.049,0.367,2.234
1477010451600000,LASER,8.396,20.736,-4.741,-1.347,8.414,20.616,-4.602,-1.505,0.198,0.132,1.043,0.365,2.968
1477010451700000,LASER,7.924,20.590,-4.685,-1.562,7.948,20.454,-4.526,-1.743,0.198,0.132,1.037,0.363,0.199
1477010451800000,LASER,7.459,20.424,-4.620,-1.772,7.446,20.316,-4.504,-1.888,0.198,0.131,1.031,0.361,4.191
1477010451900000,LASER,7.001,20.236,-4.547,-1.975,6.968,20.144,-4.450,-2.057,0.197,0.131,1.025,0.359,1.385
1477010452000000,LASER,6.551,20.029,-4.468,-2.171,6.502,19.960,-4.389,-2.211,0.197,0.130,1.020,0.357,0.902
1477010452100000,LASER,6.108,19.803,-4.382,-2.360,6.028,19.769,-4.344,-2.337,0.196,0.129,1.014,0.355,1.817
1477010452200000,LASER,5.675,19.558,-4.291,-2.542,5.613,19.535,-4.226,-2.519,0.196,0.129,1.009,0.353,0.406
1477010452300000,LASER,5.251,19.295,-4.195,-2.716,5.182,19.323,-4.154,-2.624,0.195,0.129,1.003,0.352,0.874
1477010452400000,LASER,4.836,19.015,-4.094,-2.883,4.799,19.024,-3.991,-2.852,0.194,0.128,0.998,0.350,0.624
1477010452500000,LASER,4.432,18.719,-3.990,-3.042,4.411,18.755,-3.870,-2.992,0.194,0.128,0.993,0.348,0.522
1477010452600000,LASER,4.039,18.407,-3.883,-3.194,4.073,18.440,-3.680,-3.183,0.193,0.128,0.988,0.347,2.010
1477010452700000,LASER,3.656,18.081,-3.773,-3.337,3.659,18.146,-3.621,-3.282,0.193,0.129,0.983,0.345,2.300
1477010452800000,LASER,3.284,17.740,-3.662,-3.473,3.272,17.809,-3.514,-3.427,0.192,0.129,0.978,0.343,1.329
1477010452900000,LASER,2.924,17.387,-3.550,-3.602,2.904,17.546,-3.456,-3.442,0.192,0.130,0.973,0.342,4.291
1477010453000000,LASER,2.575,17.021,-3.437,-3.723,2.572,17.170,-3.292,-3.613,0.191,0.132,0.968,0.341,0.424
1477010453100000,LASER,2.237,16.643,-3.324,-3.836,2.249,16.809,-3.151,-3.733,0.190,0.134,0.964,0.339,0.034
1477010453200000,LASER,1.910,16.254,-3.212,-3.942,1.956,16.359,-2.929,-3.952,0.190,0.136,0.959,0.338,3.806
1477010453300000,LASER,1.595,15.855,-3.101,-4.041,1.609,16.004,-2.883,-3.993,0.189,0.137,0.955,0.336,2.064
1477010453400000,LASER,1.290,15.446,-2.992,-4.134,1.307,15.574,-2.738,-4.127,0.189,0.139,0.950,0.334,1.901
1477010453500000,LASER,0.996,15.029,-2.885,-4.219,0.975,15.149,-2.672,-4.215,0.188,0.141,0.946,0.333,4.516
1477010453600000,LASER,0.713,14.603,-2.781,-4.299,0.723,14.718,-2.499,-4.320,0.188,0.142,0.942,0.331,0.024
1477010453700000,LASER,0.440,14.170,-2.679,-4.372,0.428,14.283,-2.420,-4.392,0.187,0.143,0.938,0.330,2.052
1477010453800000,LASER,0.178,13.729,-2.581,-4.439,0.276,13.789,-2.097,-4.555,0.186,0.144,0.934,0.328,2.862
1477010453900000,LASER,-0.076,13.282,-2.487,-4.501,0.007,13.340,-2.037,-4.604,0.186,0.145,0.931,0.327,2.441
1477010454000000,LASER,-0.320,12.830,-2.397,-4.557,-0.127,12.871,-1.759,-4.697,0.186,0.146,0.928,0.326,1.946
1477010454100000,LASER,-0.555,12.371,-2.312,-4.608,-0.343,12.404,-1.662,-4.746,0.187,0.146,0.926,0.324,1.149
1477010454200000,LASER,-0.782,11.908,-2.231,-4.655,-0.530,11.952,-1.550,-4.775,0.189,0.147,0.924,0.323,0.625
1477010454300000,LASER,-1.002,11.441,-2.156,-4.696,-0.815,11.488,-1.629,-4.780,0.190,0.147,0.921,0.322,8.154
1477010454400000,LASER,-1.214,10.969,-2.086,-4.734,-1.095,11.038,-1.713,-4.764,0.190,0.148,0.918,0.321,5.593
1477010454500000,LASER,-1.419,10.495,-2.021,-4.767,-1.322,10.549,-1.691,-4.799,0.190,0.149,0.915,0.319,2.648
1477010454600000,LASER,-1.618,10.016,-1.962,-4.796,-1.533,10.104,-1.672,-4.789,0.190,0.149,0.911,0.318,1.514
1477010454700000,LASER,-1.811,9.536,-1.909,-4.822,-1.711,9.641,-1.599,-4.805,0.189,0.150,0.908,0.316,0.327
1477010454800000,LASER,-2.000,9.052,-1.862,-4.844,-1.867,9.097,-1.472,-4.896,0.189,0.151,0.904,0.315,5.880
1477010454900000,LASER,-2.184,8.567,-1.822,-4.862,-2.055,8.604,-1.446,-4.918,0.189,0.152,0.901,0.314,1.092
1477010455000000,LASER,-2.365,8.080,-1.787,-4.878,-2.204,8.119,-1.363,-4.937,0.189,0.152,0.898,0.313,0.080
1477010455100000,LASER,-2.542,7.592,-1.759,-4.890,-2.413,7.634,-1.405,-4.936,0.189,0.153,0.895,0.311,2.171
1477010455200000,LASER,-2.717,7.102,-1.738,-4.899,-2.621,7.138,-1.448,-4.941,0.189,0.153,0.892,0.310,2.225
1477010455300000,LASER,-2.890,6.612,-1.723,-4.906,-2.767,6.680,-1.394,-4.928,0.189,0.154,0.889,0.309,1.900
1477010455400000,LASER,-3.061,6.121,-1.715,-4.909,-2.905,6.194,-1.326,-4.942,0.189,0.155,0.886,0.308,0.069
1477010455500000,LASER,-3.233,5.630,-1.713,-4.910,-3.070,5.678,-1.313,-4.971,0.189,0.155,0.883,0.306,1.789
1477010455600000,LASER,-3.404,5.140,-1.718,-4.907,-3.265,5.178,-1.368,-4.972,0.189,0.156,0.880,0.305,1.953
1477010455700000,LASER,-3.577,4.649,-1.729,-4.902,-3.482,4.667,-1.460,-4.975,0.189,0.156,0.877,0.304,3.812
1477010455800000,LASER,-3.750,4.159,-1.747,-4.894,-3.735,4.166,-1.616,-4.954,0.188,0.156,0.874,0.303,5.122
1477010455900000,LASER,-3.926,3.670,-1.772,-4.883,-3.895,3.683,-1.593,-4.951,0.188,0.157,0.870,0.302,0.256
1477010456000000,LASER,-4.105,3.182,-1.803,-4.869,-4.084,3.198,-1.629,-4.939,0.187,0.157,0.867,0.301,0.324
1477010456100000,LASER,-4.287,2.696,-1.841,-4.852,-4.262,2.683,-1.634,-4.959,0.187,0.157,0.864,0.300,1.122
1477010456200000,LASER,-4.474,2.212,-1.884,-4.831,-4.477,2.180,-1.710,-4.952,0.186,0.157,0.861,0.299,1.496
1477010456300000,LASER,-4.664,1.730,-1.934,-4.808,-4.707,1.671,-1.805,-4.945,0.185,0.157,0.858,0.298,2.495
1477010456400000,LASER,-4.861,1.250,-1.990,-4.780,-4.827,1.184,-1.698,-4.961,0.185,0.157,0.855,0.297,2.049
1477010456500000,LASER,-5.063,0.774,-2.052,-4.748,-4.960,0.704,-1.630,-4.961,0.184,0.157,0.852,0.297,1.400
1477010456600000,LASER,-5.271,0.301,-2.119,-4.713,-5.125,0.216,-1.623,-4.957,0.184,0.157,0.850,0.296,0.089
1477010456700000,LASER,-5.487,-0.169,-2.192,-4.673,-5.294,-0.267,-1.627,-4.949,0.185,0.156,0.848,0.296,0.163
1477010456800000,LASER,-5.710,-0.634,-2.270,-4.629,-5.591,-0.689,-1.878,-4.836,0.185,0.156,0.847,0.296,8.062
1477010456900000,LASER,-5.941,-1.095,-2.353,-4.580,-5.804,-1.183,-1.933,-4.831,0.185,0.156,0.844,0.295,0.690
1477010457000000,LASER,-6.181,-1.550,-2.440,-4.526,-6.088,-1.625,-2.120,-4.744,0.185,0.156,0.842,0.295,3.051
1477010457100000,LASER,-6.430,-2.000,-2.532,-4.467,-6.311,-2.103,-2.168,-4.729,0.185,0.155,0.840,0.295,0.109
1477010457200000,LASER,-6.688,-2.444,-2.628,-4.403,-6.614,-2.537,-2.360,-4.633,0.185,0.155,0.837,0.295,2.616
1477010457300000,LASER,-6.955,-2.881,-2.727,-4.333,-6.831,-3.020,-2.365,-4.641,0.185,0.155,0.835,0.294,0.440
1477010457400000,LASER,-7.233,-3.311,-2.830,-4.256,-7.098,-3.440,-2.472,-4.560,0.185,0.155,0.832,0.295,1.756
1477010457500000,LASER,-7.522,-3.732,-2.936,-4.174,-7.414,-3.812,-2.660,-4.409,0.185,0.154,0.830,0.295,6.247
1477010457600000,LASER,-7.821,-4.145,-3.044,-4.085,-7.736,-4.246,-2.810,-4.334,0.185,0.154,0.827,0.295,1.377
1477010457700000,LASER,-8.131,-4.549,-3.154,-3.989,-8.069,-4.686,-2.955,-4.267,0.185,0.154,0.825,0.294,2.029
1477010457800000,LASER,-8.452,-4.943,-3.265,-3.886,-8.359,-5.111,-3.014,-4.223,0.185,0.154,0.822,0.295,0.034
1477010457900000,LASER,-8.784,-5.327,-3.377,-3.777,-8.733,-5.509,-3.201,-4.102,0.185,0.154,0.820,0.295,2.027
1477010458000000,LASER,-9.128,-5.699,-3.490,-3.660,-9.059,-5.895,-3.293,-4.011,0.185,0.154,0.817,0.296,0.489
1477010458100000,LASER,-9.483,-6.059,-3.603,-3.535,-9.407,-6.203,-3.429,-3.826,0.185,0.153,0.815,0.296,8.270
1477010458200000,LASER,-9.849,-6.406,-3.714,-3.403,-9.722,-6.587,-3.467,-3.776,0.185,0.153,0.812,0.297,0.578
1477010458300000,LASER,-10.226,-6.739,-3.825,-3.263,-10.121,-6.921,-3.631,-3.618,0.186,0.153,0.810,0.297,1.188
1477010458400000,LASER,-10.614,-7.058,-3.933,-3.116,-10.555,-7.259,-3.813,-3.459,0.186,0.153,0.808,0.298,2.536
1477010458500000,LASER,-11.013,-7.363,-4.039,-2.961,-11.010,-7.570,-4.005,-3.268,0.186,0.153,0.805,0.299,2.652
1477010458600000,LASER,-11.422,-7.651,-4.141,-2.798,-11.357,-7.868,-4.030,-3.163,0.186,0.153,0.802,0.299,5.577
1477010458700000,LASER,-11.841,-7.922,-4.239,-2.627,-11.739,-8.114,-4.109,-2.975,0.186,0.153,0.800,0.300,6.884
1477010458800000,LASER,-12.270,-8.176,-4.333,-2.449,-12.166,-8.334,-4.231,-2.742,0.186,0.153,0.798,0.300,3.675
1477010458900000,LASER,-12.708,-8.412,-4.422,-2.264,-12.583,-8.531,-4.325,-2.509,0.186,0.152,0.795,0.301,5.314
1477010459000000,LASER,-13.155,-8.629,-4.504,-2.072,-13.086,-8.721,-4.492,-2.236,0.187,0.152,0.793,0.300,2.899
1477010459100000,LASER,-13.609,-8.826,-4.580,-1.872,-13.535,-8.854,-4.583,-1.945,0.187,0.152,0.790,0.300,5.488
1477010459200000,LASER,-14.071,-9.003,-4.649,-1.666,-14.000,-9.027,-4.659,-1.745,0.187,0.151,0.788,0.299,0.072
1477010459300000,LASER,-14.539,-9.159,-4.709,-1.454,-14.461,-9.194,-4.716,-1.570,0.188,0.151,0.785,0.298,0.063
1477010459400000,LASER,-15.013,-9.294,-4.762,-1.236,-14.977,-9.250,-4.822,-1.205,0.188,0.150,0.783,0.298,3.210
1477010459500000,LASER,-15.492,-9.406,-4.805,-1.013,-15.485,-9.408,-4.887,-1.071,0.188,0.150,0.781,0.297,3.159
1477010459600000,LASER,-15.974,-9.496,-4.838,-0.784,-15.989,-9.526,-4.937,-0.903,0.188,0.150,0.778,0.296,0.779
1477010459700000,LASER,-16.459,-9.563,-4.862,-0.552,-16.485,-9.539,-4.971,-0.581,0.188,0.149,0.776,0.296,1.942
1477010459800000,LASER,-16.946,-9.607,-4.874,-0.316,-17.010,-9.534,-5.009,-0.261,0.187,0.149,0.774,0.295,1.322
1477010459900000,LASER,-17.434,-9.626,-4.876,-0.077,-17.515,-9.556,-5.020,-0.049,0.187,0.148,0.772,0.294,0.067
1477010460000000,LASER,-17.922,-9.622,-4.866,0.165,-18.013,-9.512,-5.008,0.243,0.187,0.148,0.769,0.293,0.580
1477010460100000,LASER,-18.407,-9.593,-4.844,0.408,-18.475,-9.521,-4.971,0.378,0.187,0.148,0.767,0.292,2.612
1477010460200000,LASER,-18.890,-9.540,-4.810,0.653,-18.968,-9.486,-4.951,0.571,0.186,0.147,0.765,0.292,0.065
1477010460300000,LASER,-19.369,-9.463,-4.764,0.897,-19.437,-9.319,-4.871,0.967,0.186,0.147,0.763,0.291,4.134
1477010460400000,LASER,-19.843,-9.361,-4.705,1.141,-19.912,-9.134,-4.780,1.336,0.186,0.147,0.761,0.291,1.946
1477010460500000,LASER,-20.310,-9.234,-4.633,1.383,-20.362,-9.172,-4.765,1.240,0.185,0.147,0.759,0.290,13.490
1477010460600000,LASER,-20.770,-9.084,-4.549,1.623,-20.806,-8.996,-4.663,1.524,0.185,0.147,0.757,0.289,1.586
1477010460700000,LASER,-21.220,-8.910,-4.452,1.860,-21.230,-8.832,-4.554,1.741,0.185,0.147,0.755,0.289,2.342
1477010460800000,LASER,-21.660,-8.712,-4.342,2.092,-21.661,-8.708,-4.482,1.846,0.185,0.146,0.752,0.289,2.886
1477010460900000,LASER,-22.088,-8.491,-4.220,2.320,-22.087,-8.526,-4.385,2.026,0.185,0.146,0.751,0.289,0.710
1477010461000000,LASER,-22.504,-8.248,-4.086,2.543,-22.532,-8.328,-4.311,2.191,0.184,0.146,0.749,0.289,0.190
1477010461100000,LASER,-22.905,-7.983,-3.939,2.758,-22.941,-7.978,-4.118,2.581,0.184,0.146,0.747,0.290,5.859
1477010461200000,LASER,-23.291,-7.697,-3.781,2.967,-23.361,-7.677,-3.983,2.825,0.184,0.146,0.745,0.289,1.398
1477010461300000,LASER,-23.661,-7.390,-3.612,3.167,-23.712,-7.365,-3.782,3.055,0.184,0.145,0.743,0.289,1.608
1477010461400000,LASER,-24.013,-7.063,-3.432,3.359,-24.069,-7.098,-3.645,3.173,0.183,0.145,0.741,0.289,2.375
1477010461500000,LASER,-24.347,-6.718,-3.242,3.541,-24.369,-6.672,-3.339,3.505,0.183,0.145,0.739,0.288,4.368
1477010461600000,LASER,-24.661,-6.355,-3.042,3.713,-24.622,-6.315,-3.060,3.690,0.182,0.145,0.738,0.288,6.279
1477010461700000,LASER,-24.955,-5.976,-2.833,3.875,-24.965,-5.951,-2.927,3.824,0.182,0.145,0.736,0.287,1.868
1477010461800000,LASER,-25.228,-5.581,-2.616,4.025,-25.242,-5.576,-2.724,3.957,0.182,0.145,0.734,0.286,0.358
1477010461900000,LASER,-25.478,-5.171,-2.391,4.163,-25.513,-5.163,-2.517,4.106,0.181,0.145,0.732,0.285,0.370
1477010462000000,LASER,-25.706,-4.749,-2.160,4.289,-25.752,-4.775,-2.314,4.202,0.181,0.145,0.730,0.285,0.997
1477010462100000,LASER,-25.910,-4.314,-1.922,4.403,-25.960,-4.331,-2.060,4.340,0.181,0.145,0.728,0.284,0.244
1477010462200000,LASER,-26.090,-3.869,-1.679,4.503,-26.130,-3.847,-1.755,4.494,0.180,0.145,0.727,0.284,1.630
1477010462300000,LASER,-26.245,-3.414,-1.432,4.591,-26.204,-3.345,-1.326,4.638,0.180,0.145,0.725,0.283,3.346
1477010462400000,LASER,-26.376,-2.951,-1.182,4.665,-26.282,-2.868,-0.977,4.716,0.179,0.145,0.723,0.282,0.717
1477010462500000,LASER,-26.482,-2.481,-0.928,4.726,-26.472,-2.472,-0.924,4.699,0.179,0.145,0.721,0.281,6.847
1477010462600000,LASER,-26.562,-2.007,-0.673,4.773,-26.594,-2.035,-0.755,4.713,0.179,0.145,0.719,0.281,1.461
1477010462700000,LASER,-26.616,-1.528,-0.418,4.807,-26.600,-1.549,-0.393,4.755,0.178,0.145,0.718,0.280,1.143
1477010462800000,LASER,-26.645,-1.046,-0.162,4.827,-26.621,-1.083,-0.122,4.761,0.178,0.145,0.716,0.279,0.211
1477010462900000,LASER,-26.648,-0.563,0.094,4.834,-26.654,-0.609,0.081,4.765,0.177,0.146,0.714,0.279,0.426
1477010463000000,LASER,-26.626,-0.080,0.347,4.829,-26.575,-0.100,0.457,4.766,0.177,0.146,0.712,0.278,2.322
1477010463100000,LASER,-26.579,0.402,0.598,4.810,-26.545,0.404,0.679,4.765,0.177,0.146,0.711,0.277,1.888
1477010463200000,LASER,-26.507,0.882,0.846,4.780,-26.545,0.904,0.797,4.767,0.176,0.146,0.709,0.277,3.450
1477010463300000,LASER,-26.410,1.357,1.091,4.737,-26.436,1.384,1.077,4.718,0.176,0.146,0.707,0.276,0.165
1477010463400000,LASER,-26.289,1.828,1.330,4.683,-26.329,1.844,1.302,4.653,0.175,0.146,0.706,0.275,0.194
1477010463500000,LASER,-26.144,2.293,1.565,4.619,-26.204,2.288,1.515,4.571,0.175,0.146,0.704,0.275,0.686
1477010463600000,LASER,-25.976,2.751,1.793,4.543,-26.049,2.752,1.735,4.499,0.175,0.146,0.702,0.274,0.178
1477010463700000,LASER,-25.786,3.201,2.016,4.458,-25.863,3.231,1.964,4.434,0.175,0.147,0.701,0.273,1.919
1477010463800000,LASER,-25.574,3.642,2.231,4.364,-25.658,3.664,2.187,4.324,0.174,0.147,0.699,0.273,0.047
1477010463900000,LASER,-25.340,4.074,2.440,4.261,-25.518,4.090,2.256,4.259,0.174,0.146,0.697,0.272,3.669
1477010464000000,LASER,-25.086,4.494,2.641,4.151,-25.208,4.499,2.583,4.088,0.175,0.146,0.696,0.271,2.182
1477010464100000,LASER,-24.813,4.903,2.834,4.033,-24.966,4.904,2.746,3.971,0.175,0.146,0.694,0.271,0.317
1477010464200000,LASER,-24.520,5.300,3.018,3.908,-24.636,5.293,3.012,3.796,0.175,0.146,0.693,0.270,1.202
1477010464300000,LASER,-24.210,5.684,3.195,3.778,-24.266,5.640,3.298,3.562,0.175,0.146,0.691,0.270,1.465
1477010464400000,LASER,-23.882,6.055,3.362,3.643,-23.921,5.978,3.496,3.364,0.175,0.147,0.689,0.270,0.068
1477010464500000,LASER,-23.538,6.412,3.521,3.504,-23.583,6.308,3.644,3.190,0.175,0.147,0.688,0.270,0.252
1477010464600000,LASER,-23.178,6.755,3.672,3.360,-23.181,6.654,3.838,3.017,0.175,0.147,0.686,0.270,3.791
1477010464700000,LASER,-22.804,7.084,3.813,3.214,-22.778,6.964,4.002,2.827,0.175,0.147,0.685,0.270,0.835
1477010464800000,LASER,-22.416,7.398,3.946,3.066,-22.408,7.265,4.093,2.683,0.175,0.148,0.683,0.271,0.793
1477010464900000,LASER,-22.015,7.697,4.071,2.916,-22.050,7.580,4.139,2.597,0.175,0.148,0.682,0.271,2.176
1477010465000000,LASER,-21.603,7.981,4.187,2.765,-21.643,7.858,4.237,2.446,0.175,0.149,0.680,0.271,0.406
1477010465100000,LASER,-21.179,8.250,4.294,2.614,-21.167,8.016,4.419,2.092,0.175,0.149,0.679,0.272,2.598
1477010465200000,LASER,-20.744,8.503,4.394,2.463,-20.808,8.316,4.402,2.087,0.174,0.150,0.677,0.272,6.131
1477010465300000,LASER,-20.301,8.742,4.486,2.314,-20.347,8.550,4.501,1.931,0.175,0.151,0.676,0.273,2.019
1477010465400000,LASER,-19.848,8.966,4.570,2.165,-19.934,8.781,4.530,1.831,0.175,0.151,0.674,0.273,1.495
1477010465500000,LASER,-19.387,9.175,4.647,2.019,-19.480,8.958,4.601,1.644,0.175,0.152,0.673,0.273,0.007
1477010465600000,LASER,-18.919,9.370,4.717,1.875,-18.961,9.114,4.720,1.420,0.175,0.153,0.671,0.274,4.525
1477010465700000,LASER,-18.445,9.550,4.780,1.734,-18.489,9.306,4.765,1.323,0.175,0.154,0.670,0.274,1.795
1477010465800000,LASER,-17.964,9.716,4.837,1.597,-17.986,9.501,4.825,1.246,0.176,0.155,0.668,0.275,5.177
1477010465900000,LASER,-17.478,9.869,4.889,1.463,-17.488,9.686,4.870,1.181,0.176,0.155,0.667,0.275,3.303
1477010466000000,LASER,-16.987,10.009,4.934,1.334,-16.998,9.894,4.894,1.183,0.176,0.155,0.665,0.275,4.442
1477010466100000,LASER,-16.491,10.136,4.975,1.209,-16.522,10.097,4.899,1.195,0.176,0.155,0.664,0.274,2.876
1477010466200000,LASER,-15.992,10.251,5.010,1.090,-16.026,10.200,4.938,1.033,0.176,0.155,0.663,0.273,0.039
1477010466300000,LASER,-15.490,10.354,5.042,0.975,-15.533,10.265,4.969,0.829,0.176,0.155,0.661,0.273,0.417
1477010466400000,LASER,-14.985,10.446,5.069,0.866,-15.024,10.377,4.998,0.740,0.176,0.155,0.660,0.272,0.940
1477010466500000,LASER,-14.477,10.528,5.092,0.762,-14.498,10.372,5.042,0.450,0.176,0.154,0.658,0.272,1.931
1477010466600000,LASER,-13.967,10.599,5.113,0.665,-13.979,10.567,5.061,0.581,0.176,0.154,0.657,0.272,10.214
1477010466700000,LASER,-13.455,10.661,5.130,0.574,-13.453,10.594,5.092,0.396,0.176,0.154,0.656,0.272,0.636
1477010466800000,LASER,-12.941,10.714,5.144,0.489,-12.955,10.747,5.087,0.484,0.176,0.154,0.654,0.271,4.478
1477010466900000,LASER,-12.426,10.759,5.157,0.410,-12.431,10.731,5.111,0.252,0.176,0.154,0.653,0.271,1.176
1477010467000000,LASER,-11.910,10.796,5.167,0.338,-11.929,10.845,5.108,0.304,0.176,0.153,0.652,0.270,2.782
1477010467100000,LASER,-11.393,10.827,5.175,0.273,-11.425,10.893,5.107,0.234,0.177,0.153,0.650,0.269,0.199
1477010467200000,LASER,-10.875,10.851,5.182,0.214,-10.864,10.835,5.150,-0.025,0.177,0.153,0.649,0.269,5.213
1477010467300000,LASER,-10.357,10.870,5.187,0.163,-10.360,10.842,5.141,-0.117,0.177,0.152,0.648,0.269,0.228
1477010467400000,LASER,-9.838,10.884,5.191,0.118,-9.846,10.912,5.144,-0.070,0.177,0.152,0.646,0.269,2.373
1477010467500000,LASER,-9.319,10.894,5.194,0.081,-9.329,10.943,5.146,-0.094,0.177,0.152,0.645,0.269,0.577
1477010467600000,LASER,-8.799,10.900,5.197,0.050,-8.811,10.973,5.149,-0.106,0.177,0.152,0.644,0.268,0.641
1477010467700000,LASER,-8.280,10.904,5.198,0.027,-8.346,10.863,5.097,-0.374,0.177,0.151,0.642,0.268,6.698
1477010467800000,LASER,-7.760,10.906,5.199,0.011,-7.788,10.878,5.136,-0.371,0.177,0.151,0.641,0.269,4.762
1477010467900000,LASER,-7.240,10.906,5.200,0.002,-7.258,10.830,5.142,-0.478,0.177,0.151,0.640,0.270,0.552
