time,sensortype,gt_x,gt_y,gt_vx,gt_vy,est_x,est_y,est_vx,est_vy,rmse_x,rmse_y,rmse_vx,rmse_vy,nis
1477010443000000,LASER,0.600,0.600,5.200,0.000,0.312,0.580,0.000,0.000,0.288,0.020,5.200,0.000,0.000
1477010443050000,RADAR,0.860,0.600,5.200,0.002,0.714,0.589,7.069,-0.000,0.228,0.016,3.907,0.001,74.467
1477010443100000,LASER,1.120,0.600,5.199,0.005,1.161,0.493,7.054,-0.486,0.188,0.063,3.365,0.284,0.185
1477010443150000,RADAR,1.380,0.601,5.199,0.011,1.277,0.514,6.936,1.350,0.171,0.070,3.041,0.714,1.810
1477010443200000,LASER,1.640,0.601,5.198,0.018,1.613,0.595,6.873,1.720,0.153,0.062,2.821,0.993,0.202
1477010443250000,RADAR,1.900,0.602,5.198,0.027,1.821,0.570,6.317,0.593,0.143,0.059,2.616,0.936,4.259
1477010443300000,LASER,2.160,0.604,5.197,0.038,2.153,0.616,6.322,0.687,0.133,0.054,2.459,0.900,0.160
1477010443350000,RADAR,2.420,0.606,5.196,0.050,2.369,0.643,5.587,0.494,0.125,0.053,2.304,0.857,7.989
1477010443400000,LASER,2.679,0.609,5.195,0.065,2.649,0.666,5.595,0.430,0.119,0.053,2.176,0.817,0.003
1477010443450000,RADAR,2.939,0.613,5.193,0.081,2.916,0.655,5.526,0.102,0.113,0.052,2.067,0.775,0.544
1477010443500000,LASER,3.199,0.617,5.191,0.099,3.151,0.653,5.485,0.016,0.109,0.051,1.973,0.739,1.107
1477010443550000,RADAR,3.458,0.623,5.190,0.118,3.439,0.545,5.448,-0.877,0.104,0.054,1.891,0.764,1.484
1477010443600000,LASER,3.718,0.629,5.188,0.140,3.744,0.430,5.356,-1.590,0.100,0.075,1.817,0.877,2.203
1477010443650000,RADAR,3.977,0.637,5.185,0.163,4.024,0.516,5.489,-0.802,0.097,0.080,1.753,0.883,4.082
1477010443700000,LASER,4.236,0.645,5.183,0.188,4.298,0.506,5.478,-0.772,0.095,0.085,1.695,0.889,0.350
1477010443750000,RADAR,4.495,0.655,5.180,0.214,4.559,0.540,5.435,-0.552,0.094,0.087,1.642,0.881,2.054
1477010443800000,LASER,4.754,0.667,5.176,0.243,4.748,0.647,5.310,0.015,0.091,0.085,1.594,0.857,12.775
1477010443850000,RADAR,5.013,0.680,5.173,0.273,5.002,0.644,5.265,-0.040,0.088,0.083,1.549,0.836,2.194
1477010443900000,LASER,5.272,0.694,5.169,0.304,5.304,0.641,5.311,-0.080,0.086,0.081,1.508,0.818,2.440
1477010443950000,RADAR,5.530,0.710,5.164,0.338,5.561,0.649,5.311,-0.051,0.084,0.080,1.470,0.802,1.623
1477010444000000,LASER,5.788,0.728,5.159,0.373,5.855,0.665,5.340,-0.010,0.084,0.080,1.435,0.788,1.573
1477010444050000,RADAR,6.046,0.748,5.154,0.410,6.101,0.590,5.301,-0.297,0.083,0.085,1.403,0.784,3.941
1477010444100000,LASER,6.304,0.769,5.148,0.448,6.358,0.704,5.283,0.095,0.082,0.084,1.372,0.770,4.094
1477010444150000,RADAR,6.561,0.793,5.142,0.488,6.611,0.734,5.258,0.163,0.081,0.083,1.343,0.757,0.952
1477010444200000,LASER,6.818,0.818,5.135,0.530,6.860,0.733,5.246,0.137,0.079,0.083,1.317,0.746,0.340
1477010444250000,RADAR,7.075,0.846,5.127,0.573,7.110,0.715,5.217,0.053,0.078,0.085,1.291,0.738,4.033
1477010444300000,LASER,7.331,0.875,5.119,0.618,7.335,0.799,5.172,0.272,0.077,0.085,1.267,0.728,3.719
1477010444350000,RADAR,7.587,0.907,5.109,0.665,7.620,0.810,5.207,0.270,0.076,0.086,1.244,0.718,3.400
1477010444400000,LASER,7.842,0.942,5.100,0.712,7.872,0.791,5.203,0.192,0.074,0.089,1.223,0.713,0.556
1477010444450000,RADAR,8.097,0.979,5.089,0.762,8.127,0.807,5.187,0.204,0.073,0.093,1.202,0.708,3.017
1477010444500000,LASER,8.351,1.018,5.078,0.813,8.367,0.826,5.169,0.228,0.072,0.097,1.183,0.704,0.744
1477010444550000,RADAR,8.605,1.060,5.065,0.865,8.629,0.908,5.171,0.396,0.071,0.100,1.164,0.698,6.551
1477010444600000,LASER,8.858,1.105,5.052,0.919,8.867,0.967,5.146,0.494,0.070,0.101,1.147,0.691,1.196
1477010444650000,RADAR,9.110,1.152,5.038,0.974,9.151,1.002,5.167,0.530,0.069,0.103,1.130,0.685,6.409
1477010444700000,LASER,9.362,1.202,5.023,1.031,9.389,1.037,5.147,0.565,0.069,0.105,1.114,0.680,0.919
1477010444750000,RADAR,9.613,1.255,5.007,1.089,9.663,1.102,5.153,0.657,0.068,0.107,1.099,0.675,4.565
1477010444800000,LASER,9.863,1.311,4.989,1.148,9.931,1.224,5.137,0.856,0.068,0.106,1.084,0.667,3.736
1477010444850000,RADAR,10.112,1.370,4.971,1.208,10.187,1.302,5.114,0.954,0.068,0.105,1.070,0.660,5.047
1477010444900000,LASER,10.360,1.432,4.951,1.270,10.417,1.385,5.076,1.053,0.068,0.104,1.056,0.652,1.793
1477010444950000,RADAR,10.607,1.497,4.930,1.333,10.661,1.460,5.043,1.130,0.068,0.103,1.043,0.645,5.187
1477010445000000,LASER,10.853,1.565,4.908,1.397,10.893,1.503,5.023,1.142,0.067,0.102,1.030,0.638,1.450
1477010445050000,RADAR,11.098,1.637,4.884,1.462,11.155,1.552,5.027,1.160,0.067,0.102,1.018,0.632,1.309
1477010445100000,LASER,11.342,1.712,4.859,1.528,11.427,1.607,5.037,1.187,0.068,0.102,1.007,0.627,1.288
1477010445150000,RADAR,11.584,1.790,4.833,1.596,11.667,1.663,5.016,1.215,0.068,0.103,0.996,0.622,1.401
1477010445200000,LASER,11.825,1.871,4.805,1.664,11.900,1.734,4.992,1.268,0.068,0.104,0.985,0.618,0.758
1477010445250000,RADAR,12.065,1.956,4.776,1.733,12.151,1.815,4.981,1.330,0.069,0.105,0.975,0.614,1.148
1477010445300000,LASER,12.303,2.045,4.745,1.803,12.394,1.858,4.974,1.327,0.069,0.107,0.965,0.612,0.573
1477010445350000,RADAR,12.539,2.137,4.713,1.873,12.644,1.918,4.973,1.346,0.070,0.110,0.955,0.610,0.725
1477010445400000,LASER,12.774,2.232,4.678,1.945,12.852,2.044,4.914,1.483,0.070,0.113,0.946,0.607,4.575
1477010445450000,RADAR,13.007,2.331,4.643,2.017,13.108,2.138,4.910,1.548,0.071,0.115,0.938,0.605,3.525
1477010445500000,LASER,13.239,2.434,4.605,2.090,13.316,2.274,4.848,1.686,0.071,0.116,0.929,0.602,3.833
1477010445550000,RADAR,13.468,2.540,4.566,2.163,13.520,2.400,4.777,1.804,0.071,0.116,0.920,0.598,12.873
1477010445600000,LASER,13.696,2.651,4.524,2.237,13.763,2.522,4.749,1.899,0.071,0.117,0.912,0.594,0.864
1477010445650000,RADAR,13.921,2.764,4.481,2.311,13.990,2.626,4.715,1.963,0.071,0.117,0.904,0.590,0.748
1477010445700000,LASER,14.144,2.882,4.437,2.386,14.215,2.780,4.661,2.098,0.071,0.117,0.897,0.586,1.567
1477010445750000,RADAR,14.365,3.003,4.390,2.461,14.457,2.881,4.653,2.137,0.071,0.117,0.889,0.583,0.870
1477010445800000,LASER,14.583,3.128,4.341,2.536,14.666,2.978,4.616,2.175,0.071,0.118,0.882,0.579,2.321
1477010445850000,RADAR,14.799,3.257,4.290,2.612,14.893,3.113,4.583,2.260,0.072,0.118,0.875,0.576,4.279
1477010445900000,LASER,15.012,3.389,4.237,2.687,15.098,3.299,4.501,2.426,0.072,0.118,0.869,0.572,2.886
1477010445950000,RADAR,15.223,3.526,4.183,2.762,15.317,3.446,4.447,2.522,0.072,0.117,0.862,0.568,3.179
1477010446000000,LASER,15.431,3.666,4.126,2.838,15.524,3.636,4.368,2.673,0.073,0.116,0.855,0.564,2.199
1477010446050000,RADAR,15.636,3.810,4.067,2.913,15.740,3.763,4.333,2.721,0.074,0.115,0.849,0.560,0.648
1477010446100000,LASER,15.837,3.957,4.006,2.988,15.953,3.923,4.281,2.813,0.074,0.115,0.843,0.556,0.371
1477010446150000,RADAR,16.036,4.109,3.943,3.063,16.160,4.076,4.218,2.896,0.075,0.114,0.837,0.552,2.227
1477010446200000,LASER,16.232,4.264,3.877,3.137,16.353,4.276,4.127,3.036,0.076,0.113,0.831,0.548,1.704
1477010446250000,RADAR,16.424,4.422,3.810,3.211,16.563,4.430,4.086,3.097,0.078,0.112,0.826,0.544,0.469
1477010446300000,LASER,16.613,4.585,3.740,3.284,16.741,4.616,3.996,3.205,0.079,0.111,0.820,0.540,1.210
1477010446350000,RADAR,16.798,4.751,3.668,3.357,16.915,4.803,3.880,3.323,0.079,0.111,0.814,0.536,6.648
1477010446400000,LASER,16.980,4.921,3.594,3.429,17.078,5.031,3.755,3.473,0.080,0.111,0.809,0.532,2.339
1477010446450000,RADAR,17.158,5.094,3.518,3.500,17.256,5.203,3.675,3.544,0.080,0.111,0.803,0.528,2.242
1477010446500000,LASER,17.332,5.271,3.440,3.570,17.415,5.403,3.573,3.641,0.080,0.111,0.798,0.525,0.905
1477010446550000,RADAR,17.502,5.451,3.359,3.639,17.579,5.582,3.481,3.712,0.080,0.111,0.792,0.521,4.271
1477010446600000,LASER,17.668,5.635,3.276,3.708,17.766,5.737,3.450,3.732,0.080,0.111,0.787,0.518,0.748
1477010446650000,RADAR,17.830,5.822,3.192,3.775,17.916,5.941,3.328,3.831,0.080,0.111,0.782,0.514,3.060
1477010446700000,LASER,17.987,6.013,3.105,3.840,18.085,6.138,3.257,3.896,0.081,0.111,0.777,0.511,0.134
1477010446750000,RADAR,18.140,6.206,3.015,3.905,18.235,6.347,3.153,3.979,0.081,0.112,0.772,0.507,1.164
1477010446800000,LASER,18.289,6.403,2.924,3.968,18.357,6.582,3.014,4.086,0.081,0.113,0.767,0.504,1.488
1477010446850000,RADAR,18.433,6.603,2.831,4.029,18.491,6.799,2.893,4.168,0.080,0.114,0.762,0.501,1.101
1477010446900000,LASER,18.572,6.806,2.736,4.089,18.636,6.968,2.838,4.182,0.080,0.115,0.757,0.498,2.680
1477010446950000,RADAR,18.706,7.012,2.638,4.147,18.779,7.178,2.759,4.237,0.080,0.116,0.753,0.495,0.045
1477010447000000,LASER,18.836,7.221,2.539,4.203,18.964,7.338,2.769,4.222,0.081,0.116,0.748,0.492,3.273
1477010447050000,RADAR,18.960,7.433,2.438,4.257,19.058,7.564,2.601,4.311,0.081,0.116,0.744,0.489,6.512
1477010447100000,LASER,19.080,7.647,2.335,4.310,19.153,7.808,2.455,4.397,0.081,0.117,0.740,0.486,1.301
1477010447150000,RADAR,19.194,7.864,2.229,4.360,19.268,8.027,2.353,4.448,0.081,0.117,0.735,0.484,0.514
1477010447200000,LASER,19.303,8.083,2.123,4.408,19.351,8.246,2.219,4.499,0.081,0.118,0.731,0.481,3.078
1477010447250000,RADAR,19.406,8.305,2.014,4.454,19.444,8.470,2.106,4.546,0.080,0.119,0.727,0.478,2.940
1477010447300000,LASER,19.504,8.529,1.904,4.498,19.539,8.647,2.027,4.546,0.080,0.119,0.723,0.475,7.615
1477010447350000,RADAR,19.597,8.755,1.792,4.540,19.624,8.875,1.897,4.595,0.079,0.119,0.719,0.473,1.567
1477010447400000,LASER,19.683,8.983,1.678,4.578,19.778,9.054,1.909,4.578,0.080,0.118,0.715,0.470,4.458
1477010447450000,RADAR,19.765,9.213,1.563,4.615,19.846,9.293,1.755,4.635,0.080,0.118,0.711,0.467,1.779
1477010447500000,LASER,19.840,9.445,1.447,4.649,19.973,9.502,1.727,4.644,0.080,0.117,0.708,0.465,1.977
1477010447550000,RADAR,19.909,9.678,1.329,4.680,20.017,9.744,1.539,4.700,0.081,0.117,0.705,0.462,4.423
1477010447600000,LASER,19.973,9.913,1.210,4.708,20.106,9.965,1.465,4.719,0.081,0.116,0.701,0.460,0.329
1477010447650000,RADAR,20.030,10.149,1.090,4.734,20.159,10.215,1.333,4.761,0.082,0.116,0.698,0.457,6.427
1477010447700000,LASER,20.082,10.386,0.968,4.757,20.212,10.459,1.212,4.794,0.083,0.116,0.695,0.455,0.124
1477010447750000,RADAR,20.127,10.625,0.846,4.777,20.229,10.706,1.017,4.832,0.083,0.115,0.691,0.453,4.494
1477010447800000,LASER,20.166,10.864,0.722,4.793,20.290,10.952,0.923,4.856,0.084,0.115,0.688,0.450,0.503
1477010447850000,RADAR,20.199,11.104,0.598,4.807,20.315,11.205,0.779,4.884,0.084,0.115,0.685,0.448,4.677
1477010447900000,LASER,20.226,11.345,0.473,4.818,20.350,11.438,0.669,4.892,0.084,0.115,0.682,0.446,0.457
1477010447950000,RADAR,20.247,11.586,0.347,4.826,20.305,11.694,0.387,4.915,0.084,0.115,0.678,0.444,14.041
1477010448000000,LASER,20.261,11.828,0.220,4.830,20.374,11.927,0.347,4.917,0.085,0.115,0.675,0.442,3.130
1477010448050000,RADAR,20.269,12.069,0.093,4.832,20.387,12.168,0.248,4.920,0.085,0.114,0.672,0.440,3.304
1477010448100000,LASER,20.270,12.311,-0.034,4.830,20.381,12.427,0.102,4.933,0.085,0.114,0.669,0.438,0.426
1477010448150000,RADAR,20.265,12.552,-0.162,4.825,20.335,12.673,-0.130,4.926,0.085,0.115,0.666,0.436,5.359
1477010448200000,LASER,20.254,12.793,-0.289,4.816,20.357,12.910,-0.205,4.920,0.085,0.115,0.662,0.434,1.103
1477010448250000,RADAR,20.236,13.034,-0.417,4.804,20.338,13.150,-0.352,4.907,0.085,0.115,0.659,0.432,2.670
1477010448300000,LASER,20.212,13.274,-0.545,4.789,20.303,13.372,-0.494,4.878,0.086,0.114,0.656,0.430,2.640
1477010448350000,RADAR,20.182,13.513,-0.673,4.771,20.257,13.612,-0.648,4.857,0.085,0.114,0.653,0.428,1.743
1477010448400000,LASER,20.145,13.751,-0.801,4.749,20.239,13.856,-0.749,4.844,0.086,0.114,0.650,0.426,0.444
1477010448450000,RADAR,20.102,13.988,-0.928,4.724,20.179,14.092,-0.921,4.810,0.085,0.114,0.647,0.424,1.790
1477010448500000,LASER,20.052,14.223,-1.055,4.695,20.128,14.332,-1.050,4.784,0.085,0.114,0.644,0.422,0.003
1477010448550000,RADAR,19.996,14.457,-1.181,4.663,20.051,14.565,-1.212,4.743,0.085,0.114,0.641,0.420,1.993
1477010448600000,LASER,19.934,14.690,-1.307,4.628,19.952,14.802,-1.391,4.696,0.085,0.114,0.639,0.419,1.604
1477010448650000,RADAR,19.865,14.920,-1.432,4.589,19.876,15.027,-1.513,4.651,0.084,0.114,0.636,0.417,3.643
1477010448700000,LASER,19.791,15.149,-1.556,4.548,19.838,15.249,-1.582,4.618,0.084,0.114,0.633,0.415,1.923
1477010448750000,RADAR,19.710,15.375,-1.679,4.502,19.709,15.468,-1.836,4.523,0.084,0.114,0.631,0.413,9.984
1477010448800000,LASER,19.623,15.599,-1.801,4.454,19.667,15.674,-1.892,4.479,0.084,0.113,0.628,0.411,4.008
1477010448850000,RADAR,19.530,15.820,-1.922,4.402,19.563,15.888,-2.032,4.413,0.083,0.113,0.625,0.410,1.840
1477010448900000,LASER,19.431,16.039,-2.041,4.347,19.461,16.096,-2.152,4.347,0.083,0.113,0.623,0.408,0.386
1477010448950000,RADAR,19.326,16.255,-2.159,4.289,19.349,16.309,-2.263,4.287,0.083,0.112,0.620,0.406,1.740
1477010449000000,LASER,19.215,16.468,-2.276,4.227,19.235,16.493,-2.382,4.200,0.082,0.112,0.618,0.405,2.458
1477010449050000,RADAR,19.098,16.678,-2.391,4.163,19.108,16.697,-2.513,4.121,0.082,0.111,0.615,0.403,0.562
1477010449100000,LASER,18.976,16.884,-2.504,4.095,18.984,16.894,-2.626,4.044,0.082,0.111,0.613,0.401,0.172
1477010449150000,RADAR,18.848,17.087,-2.616,4.025,18.827,17.088,-2.811,3.924,0.081,0.111,0.611,0.400,7.082
1477010449200000,LASER,18.714,17.287,-2.725,3.951,18.673,17.294,-2.939,3.842,0.081,0.110,0.609,0.398,0.578
1477010449250000,RADAR,18.575,17.482,-2.833,3.875,18.555,17.497,-2.969,3.812,0.081,0.110,0.606,0.397,5.378
1477010449300000,LASER,18.431,17.674,-2.939,3.796,18.356,17.668,-3.135,3.683,0.081,0.109,0.604,0.395,4.083
1477010449350000,RADAR,18.281,17.862,-3.042,3.714,18.213,17.857,-3.193,3.628,0.081,0.109,0.602,0.394,2.791
1477010449400000,LASER,18.127,18.045,-3.143,3.629,18.075,18.039,-3.265,3.553,0.080,0.108,0.600,0.392,0.949
1477010449450000,RADAR,17.967,18.225,-3.242,3.542,17.898,18.200,-3.389,3.431,0.080,0.108,0.597,0.391,1.935
1477010449500000,LASER,17.803,18.399,-3.338,3.452,17.751,18.353,-3.460,3.332,0.080,0.108,0.595,0.390,2.079
1477010449550000,RADAR,17.633,18.570,-3.432,3.360,17.609,18.537,-3.502,3.283,0.080,0.107,0.593,0.388,6.975
1477010449600000,LASER,17.459,18.735,-3.524,3.265,17.425,18.698,-3.598,3.182,0.080,0.107,0.591,0.387,0.087
1477010449650000,RADAR,17.281,18.896,-3.613,3.168,17.240,18.846,-3.691,3.069,0.079,0.107,0.589,0.385,1.853
1477010449700000,LASER,17.098,19.052,-3.699,3.069,17.070,18.984,-3.760,2.961,0.079,0.106,0.587,0.384,1.059
1477010449750000,RADAR,16.911,19.203,-3.782,2.968,16.901,19.152,-3.806,2.903,0.079,0.106,0.584,0.383,3.201
1477010449800000,LASER,16.720,19.349,-3.863,2.865,16.686,19.262,-3.910,2.750,0.079,0.106,0.582,0.382,2.938
1477010449850000,RADAR,16.525,19.489,-3.940,2.759,16.498,19.412,-3.972,2.665,0.078,0.106,0.580,0.380,2.984
1477010449900000,LASER,16.326,19.625,-4.015,2.652,16.290,19.551,-4.050,2.561,0.078,0.106,0.578,0.379,0.378
1477010449950000,RADAR,16.124,19.755,-4.087,2.544,16.065,19.643,-4.147,2.392,0.078,0.106,0.576,0.378,10.037
1477010450000000,LASER,15.918,19.879,-4.156,2.433,15.866,19.776,-4.201,2.299,0.078,0.106,0.574,0.377,0.641
1477010450050000,RADAR,15.708,19.998,-4.222,2.321,15.670,19.900,-4.228,2.235,0.078,0.106,0.572,0.375,4.046
1477010450100000,LASER,15.496,20.111,-4.285,2.208,15.456,20.033,-4.285,2.149,0.078,0.105,0.570,0.374,1.197
1477010450150000,RADAR,15.280,20.219,-4.344,2.093,15.253,20.166,-4.318,2.090,0.077,0.105,0.568,0.373,6.231
1477010450200000,LASER,15.061,20.320,-4.401,1.978,15.060,20.293,-4.348,2.022,0.077,0.105,0.566,0.372,2.146
1477010450250000,RADAR,14.840,20.416,-4.454,1.861,14.833,20.379,-4.406,1.890,0.077,0.104,0.564,0.370,1.818
1477010450300000,LASER,14.616,20.506,-4.504,1.743,14.620,20.490,-4.444,1.806,0.076,0.104,0.562,0.369,0.843
1477010450350000,RADAR,14.390,20.590,-4.551,1.624,14.392,20.576,-4.496,1.682,0.076,0.104,0.560,0.368,0.994
1477010450400000,LASER,14.161,20.669,-4.595,1.504,14.151,20.647,-4.550,1.545,0.076,0.103,0.558,0.367,0.660
1477010450450000,RADAR,13.930,20.741,-4.636,1.384,13.920,20.718,-4.594,1.414,0.076,0.103,0.557,0.365,0.244
1477010450500000,LASER,13.698,20.807,-4.674,1.263,13.661,20.775,-4.651,1.267,0.076,0.103,0.555,0.364,2.026
1477010450550000,RADAR,13.463,20.867,-4.708,1.142,13.419,20.810,-4.700,1.078,0.075,0.103,0.553,0.363,2.469
1477010450600000,LASER,13.227,20.921,-4.739,1.020,13.174,20.855,-4.734,0.939,0.075,0.102,0.551,0.362,0.260
1477010450650000,RADAR,12.990,20.969,-4.767,0.898,12.944,20.911,-4.754,0.827,0.075,0.102,0.549,0.361,1.713
1477010450700000,LASER,12.751,21.011,-4.792,0.775,12.726,20.966,-4.761,0.731,0.075,0.102,0.548,0.360,1.546
1477010450750000,RADAR,12.511,21.047,-4.814,0.653,12.482,21.002,-4.785,0.597,0.075,0.102,0.546,0.358,2.803
1477010450800000,LASER,12.269,21.076,-4.832,0.531,12.239,21.041,-4.804,0.484,0.074,0.101,0.544,0.357,0.300
1477010450850000,RADAR,12.028,21.100,-4.848,0.409,12.001,21.061,-4.816,0.342,0.074,0.101,0.542,0.356,1.072
1477010450900000,LASER,11.785,21.117,-4.860,0.287,11.751,21.043,-4.825,0.163,0.074,0.101,0.541,0.355,1.898
1477010450950000,RADAR,11.542,21.128,-4.870,0.165,11.504,21.029,-4.829,-0.004,0.074,0.101,0.539,0.354,1.266
1477010451000000,LASER,11.298,21.134,-4.876,0.044,11.275,21.032,-4.820,-0.125,0.074,0.101,0.537,0.354,0.462
1477010451050000,RADAR,11.054,21.133,-4.880,-0.077,11.023,20.994,-4.816,-0.311,0.074,0.101,0.536,0.353,4.493
1477010451100000,LASER,10.810,21.126,-4.881,-0.197,10.796,20.967,-4.795,-0.455,0.073,0.102,0.534,0.352,0.537
1477010451150000,RADAR,10.567,21.113,-4.878,-0.316,10.551,20.959,-4.787,-0.543,0.073,0.102,0.532,0.352,4.982
1477010451200000,LASER,10.323,21.094,-4.873,-0.435,10.294,20.974,-4.795,-0.612,0.073,0.102,0.531,0.351,3.503
1477010451250000,RADAR,10.080,21.070,-4.866,-0.552,10.057,20.954,-4.780,-0.721,0.073,0.102,0.529,0.350,0.973
1477010451300000,LASER,9.837,21.039,-4.856,-0.669,9.839,20.923,-4.748,-0.834,0.072,0.102,0.528,0.349,1.409
1477010451350000,RADAR,9.594,21.003,-4.843,-0.785,9.603,20.908,-4.733,-0.885,0.072,0.102,0.526,0.348,2.668
1477010451400000,LASER,9.353,20.961,-4.827,-0.900,9.387,20.860,-4.694,-1.005,0.072,0.102,0.525,0.347,1.178
1477010451450000,RADAR,9.112,20.913,-4.809,-1.014,9.158,20.821,-4.669,-1.102,0.072,0.102,0.523,0.347,1.606
1477010451500000,LASER,8.872,20.859,-4.789,-1.126,8.898,20.777,-4.663,-1.204,0.072,0.102,0.522,0.346,2.035
1477010451550000,RADAR,8.633,20.800,-4.766,-1.237,8.673,20.703,-4.622,-1.337,0.072,0.102,0.521,0.345,4.361
1477010451600000,LASER,8.396,20.736,-4.741,-1.347,8.419,20.614,-4.595,-1.483,0.071,0.102,0.519,0.344,2.783
1477010451650000,RADAR,8.159,20.666,-4.714,-1.455,8.192,20.535,-4.553,-1.605,0.071,0.102,0.518,0.343,0.038
1477010451700000,LASER,7.924,20.590,-4.685,-1.562,7.955,20.453,-4.518,-1.720,0.071,0.103,0.517,0.342,0.245
1477010451750000,RADAR,7.691,20.510,-4.653,-1.668,7.737,20.370,-4.468,-1.841,0.071,0.103,0.515,0.341,3.350
1477010451800000,LASER,7.459,20.424,-4.620,-1.772,7.469,20.304,-4.468,-1.916,0.071,0.103,0.514,0.341,4.750
1477010451850000,RADAR,7.229,20.333,-4.584,-1.874,7.245,20.205,-4.420,-2.025,0.071,0.103,0.513,0.340,0.284
1477010451900000,LASER,7.001,20.236,-4.547,-1.975,6.996,20.121,-4.401,-2.106,0.070,0.103,0.511,0.339,1.928
1477010451950000,RADAR,6.775,20.135,-4.509,-2.074,6.777,20.026,-4.356,-2.190,0.070,0.103,0.510,0.338,0.474
1477010452000000,LASER,6.551,20.029,-4.468,-2.171,6.534,19.936,-4.333,-2.264,0.070,0.103,0.509,0.337,1.450
1477010452050000,RADAR,6.328,19.918,-4.426,-2.266,6.321,19.839,-4.287,-2.340,0.070,0.103,0.507,0.337,2.654
1477010452100000,LASER,6.108,19.803,-4.382,-2.360,6.070,19.747,-4.276,-2.401,0.070,0.103,0.506,0.336,2.704
1477010452150000,RADAR,5.890,19.682,-4.337,-2.452,5.857,19.604,-4.203,-2.543,0.070,0.103,0.505,0.335,2.199
1477010452200000,LASER,5.675,19.558,-4.291,-2.542,5.650,19.489,-4.148,-2.624,0.069,0.103,0.504,0.334,0.467
1477010452250000,RADAR,5.461,19.428,-4.244,-2.630,5.452,19.340,-4.068,-2.746,0.069,0.103,0.502,0.333,1.462
1477010452300000,LASER,5.251,19.295,-4.195,-2.716,5.229,19.241,-4.044,-2.787,0.069,0.102,0.501,0.332,2.311
1477010452350000,RADAR,5.042,19.157,-4.145,-2.801,5.030,19.124,-3.995,-2.835,0.069,0.102,0.500,0.331,4.273
1477010452400000,LASER,4.836,19.015,-4.094,-2.883,4.841,18.978,-3.920,-2.931,0.069,0.102,0.499,0.331,0.134
1477010452450000,RADAR,4.633,18.869,-4.043,-2.964,4.641,18.829,-3.853,-3.026,0.069,0.102,0.498,0.330,1.646
1477010452500000,LASER,4.432,18.719,-3.990,-3.042,4.446,18.699,-3.801,-3.085,0.068,0.101,0.496,0.329,0.969
1477010452550000,RADAR,4.234,18.565,-3.937,-3.119,4.257,18.553,-3.743,-3.143,0.068,0.101,0.495,0.328,1.423
1477010452600000,LASER,4.039,18.407,-3.883,-3.194,4.097,18.398,-3.649,-3.227,0.068,0.101,0.494,0.327,1.723
1477010452650000,RADAR,3.846,18.246,-3.828,-3.266,3.918,18.232,-3.558,-3.339,0.068,0.101,0.494,0.326,7.069
1477010452700000,LASER,3.656,18.081,-3.773,-3.337,3.692,18.092,-3.549,-3.376,0.068,0.100,0.493,0.326,3.273
1477010452750000,RADAR,3.469,17.912,-3.718,-3.406,3.520,17.936,-3.486,-3.424,0.068,0.100,0.492,0.325,3.217
1477010452800000,LASER,3.284,17.740,-3.662,-3.473,3.312,17.772,-3.453,-3.481,0.068,0.100,0.490,0.324,1.857
1477010452850000,RADAR,3.103,17.565,-3.606,-3.538,3.140,17.593,-3.367,-3.574,0.068,0.100,0.490,0.323,2.588
1477010452900000,LASER,2.924,17.387,-3.550,-3.602,2.949,17.472,-3.352,-3.575,0.068,0.100,0.489,0.322,6.158
1477010452950000,RADAR,2.748,17.205,-3.493,-3.663,2.804,17.264,-3.221,-3.702,0.067,0.099,0.488,0.321,3.356
1477010453000000,LASER,2.575,17.021,-3.437,-3.723,2.629,17.083,-3.161,-3.762,0.067,0.099,0.487,0.321,0.302
1477010453050000,RADAR,2.404,16.833,-3.381,-3.780,2.464,16.909,-3.109,-3.794,0.067,0.099,0.486,0.320,1.728
1477010453100000,LASER,2.237,16.643,-3.324,-3.836,2.295,16.736,-3.058,-3.835,0.067,0.099,0.485,0.319,0.605
1477010453150000,RADAR,2.072,16.450,-3.268,-3.890,2.132,16.539,-2.998,-3.887,0.067,0.099,0.484,0.318,5.345
1477010453200000,LASER,1.910,16.254,-3.212,-3.942,1.979,16.316,-2.906,-3.975,0.067,0.099,0.484,0.318,2.604
1477010453250000,RADAR,1.751,16.056,-3.157,-3.993,1.825,16.133,-2.857,-4.002,0.067,0.099,0.483,0.317,1.287
1477010453300000,LASER,1.595,15.855,-3.101,-4.041,1.633,15.964,-2.859,-4.012,0.067,0.099,0.482,0.316,2.776
1477010453350000,RADAR,1.441,15.652,-3.046,-4.088,1.507,15.742,-2.738,-4.105,0.067,0.099,0.481,0.315,1.711
1477010453400000,LASER,1.290,15.446,-2.992,-4.134,1.342,15.531,-2.691,-4.156,0.067,0.099,0.481,0.315,1.804
1477010453450000,RADAR,1.142,15.239,-2.938,-4.177,1.195,15.335,-2.638,-4.188,0.067,0.099,0.480,0.314,1.175
1477010453500000,LASER,0.996,15.029,-2.885,-4.219,1.006,15.126,-2.636,-4.220,0.067,0.099,0.479,0.313,4.930
1477010453550000,RADAR,0.854,14.817,-2.832,-4.260,0.865,14.936,-2.595,-4.232,0.067,0.099,0.478,0.312,2.414
1477010453600000,LASER,0.713,14.603,-2.781,-4.299,0.738,14.721,-2.516,-4.280,0.067,0.099,0.478,0.312,0.013
1477010453650000,RADAR,0.576,14.387,-2.730,-4.336,0.629,14.487,-2.399,-4.356,0.067,0.099,0.477,0.311,1.497
1477010453700000,LASER,0.440,14.170,-2.679,-4.372,0.463,14.272,-2.384,-4.384,0.066,0.099,0.476,0.310,2.604
1477010453750000,RADAR,0.308,13.950,-2.630,-4.406,0.354,14.034,-2.265,-4.464,0.066,0.099,0.476,0.309,4.075
1477010453800000,LASER,0.178,13.729,-2.581,-4.439,0.292,13.785,-2.098,-4.538,0.067,0.099,0.476,0.309,2.158
1477010453850000,RADAR,0.050,13.507,-2.534,-4.471,0.195,13.549,-1.984,-4.598,0.067,0.099,0.476,0.308,1.779
1477010453900000,LASER,-0.076,13.282,-2.487,-4.501,0.040,13.327,-1.980,-4.619,0.068,0.098,0.476,0.308,3.016
1477010453950000,RADAR,-0.199,13.057,-2.442,-4.530,-0.070,13.104,-1.922,-4.640,0.068,0.098,0.477,0.307,0.672
1477010454000000,LASER,-0.320,12.830,-2.397,-4.557,-0.122,12.869,-1.773,-4.684,0.069,0.098,0.477,0.306,1.733
1477010454050000,RADAR,-0.439,12.601,-2.354,-4.583,-0.233,12.639,-1.732,-4.699,0.070,0.098,0.478,0.306,3.702
1477010454100000,LASER,-0.555,12.371,-2.312,-4.608,-0.349,12.405,-1.693,-4.724,0.072,0.098,0.479,0.305,0.974
1477010454150000,RADAR,-0.670,12.140,-2.271,-4.632,-0.464,12.190,-1.674,-4.725,0.073,0.098,0.479,0.305,4.006
1477010454200000,LASER,-0.782,11.908,-2.231,-4.655,-0.557,11.964,-1.612,-4.743,0.074,0.097,0.480,0.304,0.324
1477010454250000,RADAR,-0.893,11.675,-2.193,-4.676,-0.669,11.735,-1.592,-4.751,0.075,0.097,0.481,0.303,3.572
1477010454300000,LASER,-1.002,11.441,-2.156,-4.696,-0.835,11.501,-1.650,-4.757,0.076,0.097,0.481,0.303,6.825
1477010454350000,RADAR,-1.109,11.206,-2.120,-4.715,-0.931,11.268,-1.621,-4.760,0.077,0.097,0.481,0.302,4.041
1477010454400000,LASER,-1.214,10.969,-2.086,-4.734,-1.093,11.043,-1.683,-4.754,0.077,0.097,0.481,0.301,5.108
1477010454450000,RADAR,-1.317,10.732,-2.053,-4.751,-1.175,10.804,-1.609,-4.784,0.077,0.097,0.480,0.301,0.642
1477010454500000,LASER,-1.419,10.495,-2.021,-4.767,-1.301,10.556,-1.613,-4.802,0.078,0.097,0.480,0.300,2.994
1477010454550000,RADAR,-1.519,10.256,-1.991,-4.782,-1.382,10.304,-1.540,-4.836,0.078,0.097,0.480,0.299,1.744
1477010454600000,LASER,-1.618,10.016,-1.962,-4.796,-1.496,10.085,-1.545,-4.831,0.078,0.096,0.480,0.299,2.067
1477010454650000,RADAR,-1.715,9.776,-1.935,-4.809,-1.583,9.852,-1.511,-4.835,0.079,0.096,0.480,0.298,0.593
1477010454700000,LASER,-1.811,9.536,-1.909,-4.822,-1.676,9.623,-1.484,-4.840,0.079,0.096,0.479,0.298,0.617
1477010454750000,RADAR,-1.906,9.294,-1.885,-4.833,-1.774,9.381,-1.460,-4.856,0.079,0.096,0.479,0.297,3.338
1477010454800000,LASER,-2.000,9.052,-1.862,-4.844,-1.856,9.102,-1.406,-4.899,0.080,0.096,0.479,0.296,5.744
1477010454850000,RADAR,-2.093,8.810,-1.841,-4.853,-1.943,8.872,-1.393,-4.893,0.080,0.096,0.479,0.296,1.764
1477010454900000,LASER,-2.184,8.567,-1.822,-4.862,-2.043,8.621,-1.386,-4.907,0.080,0.096,0.479,0.295,1.291
1477010454950000,RADAR,-2.275,8.324,-1.804,-4.870,-2.155,8.377,-1.408,-4.910,0.081,0.096,0.478,0.295,4.740
1477010455000000,LASER,-2.365,8.080,-1.787,-4.878,-2.224,8.134,-1.357,-4.922,0.081,0.096,0.478,0.294,0.021
1477010455050000,RADAR,-2.453,7.836,-1.772,-4.884,-2.299,7.909,-1.335,-4.913,0.081,0.095,0.478,0.293,4.883
1477010455100000,LASER,-2.542,7.592,-1.759,-4.890,-2.408,7.661,-1.355,-4.920,0.082,0.095,0.478,0.293,2.099
1477010455150000,RADAR,-2.629,7.347,-1.748,-4.895,-2.554,7.430,-1.468,-4.889,0.082,0.095,0.477,0.292,9.201
1477010455200000,LASER,-2.717,7.102,-1.738,-4.899,-2.657,7.176,-1.475,-4.901,0.081,0.095,0.476,0.292,1.688
1477010455250000,RADAR,-2.803,6.857,-1.730,-4.903,-2.733,6.939,-1.446,-4.905,0.081,0.095,0.476,0.291,0.887
1477010455300000,LASER,-2.890,6.612,-1.723,-4.906,-2.797,6.710,-1.402,-4.904,0.081,0.095,0.475,0.290,1.365
1477010455350000,RADAR,-2.976,6.367,-1.718,-4.908,-2.875,6.475,-1.416,-4.889,0.082,0.095,0.475,0.290,5.136
1477010455400000,LASER,-3.061,6.121,-1.715,-4.909,-2.938,6.229,-1.372,-4.900,0.082,0.095,0.474,0.289,0.069
1477010455450000,RADAR,-3.147,5.876,-1.713,-4.910,-3.053,5.989,-1.421,-4.893,0.082,0.095,0.474,0.289,4.400
1477010455500000,LASER,-3.233,5.630,-1.713,-4.910,-3.129,5.724,-1.396,-4.916,0.082,0.095,0.473,0.288,1.947
1477010455550000,RADAR,-3.318,5.385,-1.715,-4.909,-3.237,5.478,-1.462,-4.901,0.082,0.095,0.472,0.287,4.267
1477010455600000,LASER,-3.404,5.140,-1.718,-4.907,-3.327,5.222,-1.463,-4.913,0.082,0.095,0.472,0.287,1.217
1477010455650000,RADAR,-3.490,4.894,-1.723,-4.905,-3.406,4.976,-1.453,-4.918,0.082,0.095,0.471,0.286,0.072
1477010455700000,LASER,-3.577,4.649,-1.729,-4.902,-3.507,4.712,-1.473,-4.932,0.082,0.095,0.471,0.286,3.551
1477010455750000,RADAR,-3.663,4.404,-1.738,-4.899,-3.618,4.462,-1.547,-4.917,0.082,0.095,0.470,0.285,4.407
1477010455800000,LASER,-3.750,4.159,-1.747,-4.894,-3.736,4.205,-1.592,-4.922,0.082,0.095,0.469,0.285,4.833
1477010455850000,RADAR,-3.838,3.915,-1.759,-4.889,-3.831,3.962,-1.605,-4.920,0.081,0.095,0.468,0.284,1.009
1477010455900000,LASER,-3.926,3.670,-1.772,-4.883,-3.907,3.719,-1.589,-4.922,0.081,0.095,0.467,0.284,0.087
1477010455950000,RADAR,-4.015,3.426,-1.787,-4.877,-4.021,3.497,-1.668,-4.886,0.081,0.095,0.467,0.283,5.124
1477010456000000,LASER,-4.105,3.182,-1.803,-4.869,-4.109,3.250,-1.669,-4.888,0.081,0.095,0.466,0.283,0.133
1477010456050000,RADAR,-4.196,2.939,-1.821,-4.861,-4.227,3.001,-1.745,-4.874,0.081,0.094,0.465,0.282,2.710
1477010456100000,LASER,-4.287,2.696,-1.841,-4.852,-4.310,2.736,-1.733,-4.893,0.081,0.094,0.464,0.281,1.714
1477010456150000,RADAR,-4.380,2.454,-1.862,-4.842,-4.405,2.486,-1.751,-4.893,0.081,0.094,0.463,0.281,0.401
1477010456200000,LASER,-4.474,2.212,-1.884,-4.831,-4.503,2.230,-1.763,-4.900,0.080,0.094,0.462,0.280,1.499
1477010456250000,RADAR,-4.568,1.971,-1.909,-4.820,-4.616,1.989,-1.851,-4.872,0.080,0.094,0.462,0.280,5.828
1477010456300000,LASER,-4.664,1.730,-1.934,-4.808,-4.723,1.730,-1.872,-4.881,0.080,0.094,0.461,0.279,2.865
1477010456350000,RADAR,-4.762,1.490,-1.961,-4.794,-4.848,1.482,-1.958,-4.860,0.080,0.093,0.460,0.279,2.916
1477010456400000,LASER,-4.861,1.250,-1.990,-4.780,-4.911,1.235,-1.919,-4.868,0.080,0.093,0.459,0.278,3.111
1477010456450000,RADAR,-4.961,1.012,-2.020,-4.765,-5.014,1.002,-1.951,-4.850,0.080,0.093,0.458,0.278,0.713
1477010456500000,LASER,-5.063,0.774,-2.052,-4.748,-5.080,0.757,-1.918,-4.855,0.080,0.093,0.457,0.278,2.768
1477010456550000,RADAR,-5.166,0.537,-2.085,-4.731,-5.170,0.483,-1.930,-4.874,0.080,0.093,0.457,0.277,6.174
1477010456600000,LASER,-5.271,0.301,-2.119,-4.713,-5.248,0.236,-1.913,-4.877,0.080,0.093,0.456,0.277,0.812
1477010456650000,RADAR,-5.378,0.065,-2.155,-4.694,-5.361,-0.001,-1.937,-4.867,0.080,0.093,0.455,0.277,5.930
1477010456700000,LASER,-5.487,-0.169,-2.192,-4.673,-5.437,-0.247,-1.916,-4.871,0.079,0.093,0.455,0.276,1.014
1477010456750000,RADAR,-5.597,-0.402,-2.230,-4.652,-5.558,-0.459,-1.982,-4.829,0.079,0.092,0.454,0.276,4.274
1477010456800000,LASER,-5.710,-0.634,-2.270,-4.629,-5.696,-0.666,-2.059,-4.782,0.079,0.092,0.454,0.276,3.865
1477010456850000,RADAR,-5.825,-0.865,-2.311,-4.605,-5.806,-0.900,-2.118,-4.757,0.079,0.092,0.453,0.275,6.120
1477010456900000,LASER,-5.941,-1.095,-2.353,-4.580,-5.902,-1.152,-2.116,-4.767,0.079,0.092,0.452,0.275,0.717
1477010456950000,RADAR,-6.060,-1.323,-2.396,-4.554,-5.991,-1.408,-2.108,-4.780,0.079,0.092,0.452,0.275,2.254
1477010457000000,LASER,-6.181,-1.550,-2.440,-4.526,-6.129,-1.625,-2.176,-4.742,0.079,0.092,0.451,0.275,1.827
1477010457050000,RADAR,-6.304,-1.776,-2.486,-4.498,-6.262,-1.858,-2.272,-4.709,0.079,0.092,0.451,0.275,5.813
1477010457100000,LASER,-6.430,-2.000,-2.532,-4.467,-6.369,-2.099,-2.282,-4.707,0.079,0.092,0.450,0.274,0.119
1477010457150000,RADAR,-6.557,-2.223,-2.579,-4.436,-6.517,-2.315,-2.364,-4.663,0.079,0.092,0.450,0.274,3.989
1477010457200000,LASER,-6.688,-2.444,-2.628,-4.403,-6.665,-2.530,-2.435,-4.622,0.078,0.092,0.449,0.274,1.275
1477010457250000,RADAR,-6.820,-2.663,-2.677,-4.368,-6.815,-2.749,-2.517,-4.581,0.078,0.092,0.448,0.274,2.236
1477010457300000,LASER,-6.955,-2.881,-2.727,-4.333,-6.914,-2.997,-2.500,-4.596,0.078,0.092,0.448,0.274,1.280
1477010457350000,RADAR,-7.093,-3.097,-2.778,-4.295,-7.043,-3.224,-2.532,-4.578,0.078,0.092,0.447,0.274,0.133
1477010457400000,LASER,-7.233,-3.311,-2.830,-4.256,-7.172,-3.433,-2.570,-4.541,0.078,0.092,0.447,0.274,1.524
1477010457450000,RADAR,-7.376,-3.522,-2.883,-4.216,-7.315,-3.669,-2.616,-4.528,0.078,0.093,0.446,0.274,4.558
1477010457500000,LASER,-7.522,-3.732,-2.936,-4.174,-7.474,-3.844,-2.705,-4.445,0.078,0.093,0.445,0.274,6.376
1477010457550000,RADAR,-7.670,-3.940,-2.990,-4.130,-7.614,-4.059,-2.752,-4.415,0.078,0.093,0.445,0.274,0.738
1477010457600000,LASER,-7.821,-4.145,-3.044,-4.085,-7.773,-4.275,-2.813,-4.381,0.078,0.093,0.444,0.274,0.629
1477010457650000,RADAR,-7.975,-4.349,-3.099,-4.038,-7.921,-4.494,-2.857,-4.356,0.078,0.093,0.444,0.274,0.396
1477010457700000,LASER,-8.131,-4.549,-3.154,-3.989,-8.087,-4.714,-2.918,-4.327,0.078,0.093,0.443,0.275,1.307
1477010457750000,RADAR,-8.290,-4.748,-3.209,-3.939,-8.231,-4.926,-2.934,-4.306,0.078,0.094,0.443,0.275,2.443
1477010457800000,LASER,-8.452,-4.943,-3.265,-3.886,-8.374,-5.139,-2.960,-4.284,0.078,0.094,0.442,0.275,0.124
1477010457850000,RADAR,-8.617,-5.136,-3.321,-3.832,-8.523,-5.331,-2.989,-4.241,0.078,0.095,0.442,0.276,5.045
1477010457900000,LASER,-8.784,-5.327,-3.377,-3.777,-8.716,-5.524,-3.085,-4.177,0.078,0.095,0.442,0.276,2.147
1477010457950000,RADAR,-8.955,-5.514,-3.434,-3.719,-8.874,-5.728,-3.119,-4.147,0.078,0.096,0.441,0.277,0.644
1477010458000000,LASER,-9.128,-5.699,-3.490,-3.660,-9.040,-5.915,-3.173,-4.095,0.078,0.097,0.441,0.278,0.657
1477010458050000,RADAR,-9.304,-5.880,-3.546,-3.598,-9.184,-6.099,-3.182,-4.057,0.078,0.097,0.441,0.279,8.280
1477010458100000,LASER,-9.483,-6.059,-3.603,-3.535,-9.369,-6.232,-3.278,-3.939,0.078,0.098,0.440,0.279,8.745
1477010458150000,RADAR,-9.664,-6.234,-3.659,-3.470,-9.540,-6.423,-3.318,-3.901,0.078,0.098,0.440,0.280,1.191
1477010458200000,LASER,-9.849,-6.406,-3.714,-3.403,-9.697,-6.614,-3.342,-3.872,0.079,0.099,0.440,0.281,0.397
1477010458250000,RADAR,-10.036,-6.574,-3.770,-3.334,-9.903,-6.784,-3.438,-3.793,0.079,0.099,0.440,0.281,6.847
1477010458300000,LASER,-10.226,-6.739,-3.825,-3.263,-10.111,-6.940,-3.532,-3.701,0.079,0.100,0.439,0.282,1.404
1477010458350000,RADAR,-10.419,-6.901,-3.879,-3.190,-10.291,-7.113,-3.578,-3.649,0.079,0.100,0.439,0.283,1.576
1477010458400000,LASER,-10.614,-7.058,-3.933,-3.116,-10.520,-7.273,-3.685,-3.555,0.079,0.101,0.438,0.283,3.121
1477010458450000,RADAR,-10.812,-7.212,-3.986,-3.039,-10.717,-7.430,-3.747,-3.481,0.079,0.102,0.438,0.284,2.811
1477010458500000,LASER,-11.013,-7.363,-4.039,-2.961,-10.962,-7.573,-3.863,-3.366,0.079,0.102,0.437,0.285,3.661
1477010458550000,RADAR,-11.216,-7.509,-4.090,-2.880,-11.149,-7.730,-3.898,-3.308,0.079,0.103,0.437,0.285,1.964
1477010458600000,LASER,-11.422,-7.651,-4.141,-2.798,-11.319,-7.875,-3.918,-3.251,0.079,0.103,0.436,0.286,4.423
1477010458650000,RADAR,-11.630,-7.788,-4.191,-2.713,-11.514,-8.019,-3.958,-3.181,0.079,0.104,0.436,0.287,3.092
1477010458700000,LASER,-11.841,-7.922,-4.239,-2.627,-11.709,-8.127,-4.013,-3.069,0.080,0.104,0.435,0.287,6.322
1477010458750000,RADAR,-12.055,-8.051,-4.287,-2.539,-11.907,-8.262,-4.046,-2.994,0.080,0.105,0.435,0.288,4.270
1477010458800000,LASER,-12.270,-8.176,-4.333,-2.449,-12.132,-8.351,-4.128,-2.850,0.080,0.105,0.434,0.288,3.797
1477010458850000,RADAR,-12.488,-8.296,-4.378,-2.358,-12.347,-8.483,-4.183,-2.775,0.080,0.106,0.434,0.289,2.083
1477010458900000,LASER,-12.708,-8.412,-4.422,-2.264,-12.564,-8.561,-4.248,-2.631,0.081,0.106,0.433,0.289,5.657
1477010458950000,RADAR,-12.930,-8.523,-4.464,-2.169,-12.773,-8.670,-4.284,-2.536,0.081,0.106,0.433,0.289,4.519
1477010459000000,LASER,-13.155,-8.629,-4.504,-2.072,-13.046,-8.742,-4.393,-2.359,0.081,0.106,0.432,0.289,3.929
1477010459050000,RADAR,-13.381,-8.730,-4.543,-1.973,-13.283,-8.848,-4.449,-2.263,0.081,0.106,0.431,0.289,2.189
1477010459100000,LASER,-13.609,-8.826,-4.580,-1.872,-13.517,-8.891,-4.512,-2.083,0.081,0.106,0.431,0.289,6.083
1477010459150000,RADAR,-13.839,-8.917,-4.615,-1.770,-13.739,-8.960,-4.547,-1.948,0.081,0.106,0.430,0.289,7.673
1477010459200000,LASER,-14.071,-9.003,-4.649,-1.666,-13.976,-9.040,-4.592,-1.837,0.081,0.106,0.429,0.289,0.156
1477010459250000,RADAR,-14.304,-9.084,-4.680,-1.561,-14.214,-9.129,-4.634,-1.751,0.081,0.105,0.429,0.288,1.646
1477010459300000,LASER,-14.539,-9.159,-4.709,-1.454,-14.446,-9.210,-4.666,-1.659,0.081,0.105,0.428,0.288,0.042
1477010459350000,RADAR,-14.775,-9.229,-4.737,-1.346,-14.677,-9.285,-4.693,-1.561,0.082,0.105,0.427,0.288,0.592
1477010459400000,LASER,-15.013,-9.294,-4.762,-1.236,-14.954,-9.281,-4.765,-1.327,0.081,0.105,0.427,0.287,4.060
1477010459450000,RADAR,-15.252,-9.353,-4.784,-1.125,-15.203,-9.354,-4.797,-1.239,0.081,0.105,0.426,0.287,3.268
1477010459500000,LASER,-15.492,-9.406,-4.805,-1.013,-15.462,-9.433,-4.834,-1.164,0.081,0.105,0.425,0.287,2.994
1477010459550000,RADAR,-15.732,-9.454,-4.823,-0.899,-15.708,-9.472,-4.858,-1.028,0.081,0.105,0.425,0.286,2.247
1477010459600000,LASER,-15.974,-9.496,-4.838,-0.784,-15.963,-9.530,-4.886,-0.939,0.081,0.104,0.424,0.286,0.973
1477010459650000,RADAR,-16.216,-9.533,-4.851,-0.669,-16.214,-9.550,-4.908,-0.789,0.081,0.104,0.424,0.286,2.796
1477010459700000,LASER,-16.459,-9.563,-4.862,-0.552,-16.468,-9.539,-4.929,-0.607,0.081,0.104,0.423,0.285,1.693
1477010459750000,RADAR,-16.703,-9.588,-4.869,-0.434,-16.699,-9.544,-4.927,-0.463,0.081,0.104,0.422,0.285,6.520
1477010459800000,LASER,-16.946,-9.607,-4.874,-0.316,-16.972,-9.525,-4.952,-0.280,0.081,0.104,0.422,0.285,1.619
1477010459850000,RADAR,-17.190,-9.620,-4.876,-0.196,-17.219,-9.572,-4.961,-0.235,0.080,0.104,0.421,0.284,6.683
1477010459900000,LASER,-17.434,-9.626,-4.876,-0.077,-17.476,-9.576,-4.970,-0.115,0.080,0.104,0.420,0.284,0.241
1477010459950000,RADAR,-17.678,-9.627,-4.872,0.044,-17.731,-9.570,-4.973,0.018,0.080,0.104,0.420,0.283,1.598
1477010460000000,LASER,-17.922,-9.622,-4.866,0.165,-17.984,-9.533,-4.970,0.184,0.080,0.104,0.419,0.283,0.706
1477010460050000,RADAR,-18.165,-9.611,-4.856,0.287,-18.231,-9.502,-4.957,0.339,0.080,0.104,0.419,0.283,1.060
1477010460100000,LASER,-18.407,-9.593,-4.844,0.408,-18.453,-9.519,-4.938,0.387,0.080,0.103,0.418,0.282,2.107
1477010460150000,RADAR,-18.649,-9.570,-4.829,0.531,-18.692,-9.500,-4.926,0.486,0.080,0.103,0.418,0.282,1.863
1477010460200000,LASER,-18.890,-9.540,-4.810,0.653,-18.938,-9.483,-4.916,0.581,0.080,0.103,0.417,0.281,0.074
1477010460250000,RADAR,-19.130,-9.504,-4.789,0.775,-19.173,-9.440,-4.894,0.700,0.080,0.103,0.416,0.281,4.429
1477010460300000,LASER,-19.369,-9.463,-4.764,0.897,-19.412,-9.334,-4.855,0.919,0.080,0.103,0.416,0.281,3.778
1477010460350000,RADAR,-19.607,-9.415,-4.736,1.019,-19.650,-9.262,-4.817,1.082,0.080,0.103,0.415,0.280,1.506
1477010460400000,LASER,-19.843,-9.361,-4.705,1.141,-19.892,-9.149,-4.772,1.285,0.080,0.104,0.415,0.280,1.988
1477010460450000,RADAR,-20.078,-9.301,-4.671,1.262,-20.127,-9.054,-4.725,1.446,0.080,0.105,0.414,0.280,5.432
1477010460500000,LASER,-20.310,-9.234,-4.633,1.383,-20.335,-9.124,-4.723,1.341,0.080,0.105,0.414,0.279,14.542
1477010460550000,RADAR,-20.541,-9.162,-4.593,1.503,-20.574,-9.070,-4.701,1.421,0.079,0.105,0.413,0.279,1.403
1477010460600000,LASER,-20.770,-9.084,-4.549,1.623,-20.794,-8.979,-4.650,1.556,0.079,0.105,0.412,0.279,1.120
1477010460650000,RADAR,-20.996,-9.000,-4.502,1.742,-21.033,-8.895,-4.615,1.673,0.079,0.105,0.412,0.278,2.036
1477010460700000,LASER,-21.220,-8.910,-4.452,1.860,-21.239,-8.819,-4.560,1.767,0.079,0.105,0.411,0.278,2.427
1477010460750000,RADAR,-21.441,-8.814,-4.399,1.977,-21.471,-8.726,-4.517,1.883,0.079,0.105,0.411,0.277,1.573
1477010460800000,LASER,-21.660,-8.712,-4.342,2.092,-21.677,-8.682,-4.480,1.913,0.079,0.104,0.410,0.277,3.537
1477010460850000,RADAR,-21.875,-8.605,-4.283,2.207,-21.880,-8.536,-4.381,2.118,0.079,0.104,0.410,0.277,7.376
1477010460900000,LASER,-22.088,-8.491,-4.220,2.320,-22.087,-8.458,-4.334,2.182,0.079,0.104,0.409,0.277,1.287
1477010460950000,RADAR,-22.297,-8.373,-4.154,2.432,-22.297,-8.338,-4.275,2.292,0.079,0.104,0.409,0.276,1.871
1477010461000000,LASER,-22.504,-8.248,-4.086,2.543,-22.518,-8.250,-4.240,2.353,0.078,0.104,0.408,0.276,0.824
1477010461050000,RADAR,-22.706,-8.118,-4.014,2.651,-22.717,-8.120,-4.162,2.478,0.078,0.104,0.408,0.276,1.575
1477010461100000,LASER,-22.905,-7.983,-3.939,2.758,-22.925,-7.928,-4.068,2.666,0.078,0.104,0.407,0.276,3.815
1477010461150000,RADAR,-23.100,-7.842,-3.862,2.864,-23.120,-7.778,-3.966,2.813,0.078,0.104,0.407,0.275,4.342
1477010461200000,LASER,-23.291,-7.697,-3.781,2.967,-23.333,-7.623,-3.901,2.926,0.078,0.104,0.406,0.275,1.214
1477010461250000,RADAR,-23.478,-7.546,-3.698,3.068,-23.528,-7.478,-3.838,3.008,0.078,0.103,0.406,0.274,1.246
1477010461300000,LASER,-23.661,-7.390,-3.612,3.167,-23.699,-7.328,-3.746,3.104,0.078,0.103,0.405,0.274,1.295
1477010461350000,RADAR,-23.839,-7.229,-3.523,3.264,-23.886,-7.168,-3.668,3.199,0.078,0.103,0.405,0.274,0.715
1477010461400000,LASER,-24.013,-7.063,-3.432,3.359,-24.059,-7.052,-3.604,3.237,0.078,0.103,0.404,0.273,3.074
1477010461450000,RADAR,-24.182,-6.893,-3.338,3.451,-24.227,-6.870,-3.492,3.359,0.078,0.103,0.404,0.273,2.100
1477010461500000,LASER,-24.347,-6.718,-3.242,3.541,-24.376,-6.646,-3.350,3.513,0.078,0.103,0.403,0.273,3.230
1477010461550000,RADAR,-24.507,-6.539,-3.143,3.629,-24.544,-6.469,-3.244,3.613,0.078,0.103,0.403,0.272,3.619
1477010461600000,LASER,-24.661,-6.355,-3.042,3.713,-24.661,-6.303,-3.112,3.687,0.077,0.103,0.402,0.272,7.351
1477010461650000,RADAR,-24.811,-6.168,-2.938,3.796,-24.802,-6.107,-2.987,3.787,0.077,0.103,0.402,0.272,0.676
1477010461700000,LASER,-24.955,-5.976,-2.833,3.875,-24.972,-5.922,-2.912,3.857,0.077,0.103,0.401,0.271,1.523
1477010461750000,RADAR,-25.094,-5.780,-2.725,3.951,-25.102,-5.715,-2.783,3.950,0.077,0.102,0.401,0.271,2.087
1477010461800000,LASER,-25.228,-5.581,-2.616,4.025,-25.237,-5.536,-2.685,4.004,0.077,0.102,0.400,0.271,0.697
1477010461850000,RADAR,-25.356,-5.378,-2.504,4.096,-25.384,-5.346,-2.614,4.052,0.077,0.102,0.400,0.270,0.872
1477010461900000,LASER,-25.478,-5.171,-2.391,4.163,-25.518,-5.137,-2.511,4.123,0.077,0.102,0.399,0.270,0.201
1477010461950000,RADAR,-25.595,-4.962,-2.276,4.228,-25.648,-4.948,-2.442,4.156,0.077,0.102,0.399,0.270,6.840
1477010462000000,LASER,-25.706,-4.749,-2.160,4.289,-25.763,-4.762,-2.341,4.197,0.077,0.102,0.398,0.269,1.209
1477010462050000,RADAR,-25.811,-4.533,-2.041,4.348,-25.882,-4.554,-2.250,4.246,0.077,0.102,0.398,0.269,0.409
1477010462100000,LASER,-25.910,-4.314,-1.922,4.403,-25.984,-4.328,-2.126,4.314,0.077,0.102,0.398,0.269,0.258
1477010462150000,RADAR,-26.003,-4.092,-1.801,4.455,-26.096,-4.110,-1.994,4.382,0.077,0.101,0.397,0.268,10.305
1477010462200000,LASER,-26.090,-3.869,-1.679,4.503,-26.177,-3.856,-1.842,4.463,0.077,0.101,0.397,0.268,1.877
1477010462250000,RADAR,-26.171,-3.642,-1.556,4.549,-26.255,-3.624,-1.671,4.532,0.077,0.101,0.396,0.268,3.711
1477010462300000,LASER,-26.245,-3.414,-1.432,4.591,-26.286,-3.365,-1.467,4.603,0.077,0.101,0.396,0.267,5.118
1477010462350000,RADAR,-26.314,-3.183,-1.307,4.630,-26.337,-3.124,-1.284,4.658,0.077,0.101,0.395,0.267,1.206
1477010462400000,LASER,-26.376,-2.951,-1.182,4.665,-26.367,-2.883,-1.105,4.698,0.077,0.101,0.395,0.267,1.916
1477010462450000,RADAR,-26.432,-2.717,-1.055,4.697,-26.422,-2.653,-0.972,4.726,0.077,0.101,0.394,0.266,1.207
1477010462500000,LASER,-26.482,-2.481,-0.928,4.726,-26.503,-2.465,-0.905,4.718,0.076,0.101,0.394,0.266,5.492
1477010462550000,RADAR,-26.525,-2.245,-0.801,4.751,-26.554,-2.229,-0.790,4.740,0.076,0.101,0.393,0.266,0.611
1477010462600000,LASER,-26.562,-2.007,-0.673,4.773,-26.605,-2.018,-0.687,4.743,0.076,0.100,0.393,0.265,1.484
1477010462650000,RADAR,-26.592,-1.767,-0.546,4.791,-26.633,-1.778,-0.562,4.759,0.076,0.100,0.392,0.265,1.933
1477010462700000,LASER,-26.616,-1.528,-0.418,4.807,-26.630,-1.535,-0.390,4.773,0.076,0.100,0.392,0.265,1.382
1477010462750000,RADAR,-26.634,-1.287,-0.290,4.819,-26.630,-1.297,-0.213,4.782,0.076,0.100,0.391,0.264,2.050
1477010462800000,LASER,-26.645,-1.046,-0.162,4.827,-26.633,-1.068,-0.074,4.779,0.076,0.100,0.391,0.264,0.335
1477010462850000,RADAR,-26.650,-0.804,-0.034,4.832,-26.659,-0.837,0.024,4.778,0.076,0.100,0.390,0.264,4.939
1477010462900000,LASER,-26.648,-0.563,0.094,4.834,-26.666,-0.599,0.143,4.777,0.076,0.100,0.390,0.263,0.252
1477010462950000,RADAR,-26.641,-0.321,0.221,4.833,-26.654,-0.358,0.301,4.774,0.076,0.100,0.390,0.263,2.204
1477010463000000,LASER,-26.626,-0.080,0.347,4.829,-26.607,-0.095,0.483,4.772,0.076,0.100,0.389,0.263,2.456
1477010463050000,RADAR,-26.606,0.161,0.473,4.821,-26.587,0.143,0.621,4.758,0.075,0.099,0.389,0.262,1.726
1477010463100000,LASER,-26.579,0.402,0.598,4.810,-26.561,0.404,0.752,4.756,0.075,0.099,0.388,0.262,1.669
1477010463150000,RADAR,-26.546,0.642,0.723,4.797,-26.544,0.640,0.838,4.740,0.075,0.099,0.388,0.262,1.569
1477010463200000,LASER,-26.507,0.882,0.846,4.780,-26.532,0.898,0.928,4.740,0.075,0.099,0.387,0.261,3.354
1477010463250000,RADAR,-26.462,1.120,0.969,4.760,-26.491,1.142,1.015,4.723,0.075,0.099,0.387,0.261,7.902
1477010463300000,LASER,-26.410,1.357,1.091,4.737,-26.431,1.383,1.151,4.696,0.075,0.099,0.386,0.261,0.133
1477010463350000,RADAR,-26.353,1.594,1.211,4.712,-26.391,1.608,1.227,4.667,0.075,0.099,0.386,0.260,8.535
1477010463400000,LASER,-26.289,1.828,1.330,4.683,-26.331,1.835,1.343,4.631,0.075,0.099,0.386,0.260,0.130
1477010463450000,RADAR,-26.220,2.062,1.448,4.652,-26.265,2.065,1.457,4.595,0.075,0.098,0.385,0.260,0.156
1477010463500000,LASER,-26.144,2.293,1.565,4.619,-26.198,2.280,1.565,4.549,0.075,0.098,0.385,0.260,0.600
1477010463550000,RADAR,-26.063,2.523,1.680,4.582,-26.134,2.508,1.635,4.520,0.075,0.098,0.384,0.259,1.616
1477010463600000,LASER,-25.976,2.751,1.793,4.543,-26.052,2.743,1.747,4.485,0.075,0.098,0.384,0.259,0.219
1477010463650000,RADAR,-25.884,2.977,1.905,4.502,-25.962,2.965,1.879,4.433,0.075,0.098,0.383,0.259,2.202
1477010463700000,LASER,-25.786,3.201,2.016,4.458,-25.863,3.215,1.996,4.405,0.075,0.098,0.383,0.258,2.182
1477010463750000,RADAR,-25.683,3.423,2.125,4.412,-25.781,3.439,2.077,4.367,0.075,0.098,0.382,0.258,2.361
1477010463800000,LASER,-25.574,3.642,2.231,4.364,-25.673,3.653,2.189,4.310,0.075,0.098,0.382,0.258,0.019
1477010463850000,RADAR,-25.460,3.859,2.337,4.314,-25.559,3.863,2.301,4.248,0.075,0.098,0.381,0.258,0.958
1477010463900000,LASER,-25.340,4.074,2.440,4.261,-25.484,4.068,2.354,4.205,0.075,0.097,0.381,0.257,3.857
1477010463950000,RADAR,-25.216,4.285,2.541,4.207,-25.362,4.274,2.460,4.142,0.076,0.097,0.380,0.257,0.544
1477010464000000,LASER,-25.086,4.494,2.641,4.151,-25.207,4.483,2.600,4.066,0.076,0.097,0.380,0.257,1.870
1477010464050000,RADAR,-24.952,4.700,2.738,4.093,-25.056,4.679,2.706,3.994,0.076,0.097,0.380,0.256,8.947
1477010464100000,LASER,-24.813,4.903,2.834,4.033,-24.935,4.880,2.786,3.936,0.076,0.097,0.379,0.256,0.533
1477010464150000,RADAR,-24.669,5.103,2.927,3.971,-24.781,5.072,2.894,3.857,0.076,0.097,0.379,0.256,2.227
1477010464200000,LASER,-24.520,5.300,3.018,3.908,-24.617,5.273,3.008,3.783,0.076,0.097,0.378,0.256,0.974
1477010464250000,RADAR,-24.367,5.494,3.108,3.844,-24.450,5.451,3.136,3.681,0.076,0.097,0.378,0.255,0.826
1477010464300000,LASER,-24.210,5.684,3.195,3.778,-24.267,5.627,3.258,3.578,0.076,0.097,0.377,0.255,1.186
1477010464350000,RADAR,-24.048,5.871,3.280,3.711,-24.101,5.795,3.364,3.475,0.076,0.097,0.377,0.255,3.287
1477010464400000,LASER,-23.882,6.055,3.362,3.643,-23.928,5.963,3.458,3.380,0.076,0.097,0.377,0.255,0.028
1477010464450000,RADAR,-23.712,6.235,3.443,3.574,-23.776,6.147,3.483,3.346,0.076,0.097,0.376,0.255,4.632
1477010464500000,LASER,-23.538,6.412,3.521,3.504,-23.606,6.310,3.560,3.259,0.076,0.097,0.376,0.255,0.106
1477010464550000,RADAR,-23.360,6.586,3.598,3.432,-23.451,6.486,3.593,3.214,0.076,0.097,0.375,0.255,2.332
1477010464600000,LASER,-23.178,6.755,3.672,3.360,-23.241,6.671,3.696,3.137,0.076,0.097,0.375,0.255,4.510
1477010464650000,RADAR,-22.993,6.921,3.744,3.288,-23.045,6.817,3.771,3.039,0.076,0.097,0.374,0.255,5.571
1477010464700000,LASER,-22.804,7.084,3.813,3.214,-22.837,6.977,3.860,2.949,0.076,0.097,0.374,0.255,1.323
1477010464750000,RADAR,-22.612,7.243,3.881,3.140,-22.629,7.112,3.949,2.831,0.076,0.097,0.374,0.255,1.286
1477010464800000,LASER,-22.416,7.398,3.946,3.066,-22.441,7.263,4.005,2.753,0.076,0.097,0.373,0.255,0.380
1477010464850000,RADAR,-22.217,7.549,4.010,2.991,-22.222,7.386,4.110,2.608,0.076,0.097,0.373,0.256,2.518
1477010464900000,LASER,-22.015,7.697,4.071,2.916,-22.041,7.547,4.145,2.560,0.075,0.097,0.372,0.256,2.414
1477010464950000,RADAR,-21.810,7.841,4.130,2.841,-21.856,7.704,4.162,2.529,0.075,0.097,0.372,0.256,6.345
1477010465000000,LASER,-21.603,7.981,4.187,2.765,-21.649,7.847,4.215,2.455,0.075,0.097,0.372,0.256,0.464
1477010465050000,RADAR,-21.392,8.117,4.242,2.690,-21.455,7.980,4.243,2.393,0.075,0.097,0.371,0.256,1.903
1477010465100000,LASER,-21.179,8.250,4.294,2.614,-21.218,8.049,4.325,2.221,0.075,0.098,0.371,0.257,3.474
1477010465150000,RADAR,-20.963,8.378,4.345,2.539,-21.022,8.194,4.325,2.212,0.075,0.098,0.370,0.257,8.018
1477010465200000,LASER,-20.744,8.503,4.394,2.463,-20.838,8.343,4.338,2.185,0.075,0.098,0.370,0.257,3.891
1477010465250000,RADAR,-20.524,8.625,4.441,2.388,-20.607,8.449,4.401,2.075,0.075,0.098,0.369,0.257,3.847
1477010465300000,LASER,-20.301,8.742,4.486,2.314,-20.368,8.571,4.457,1.997,0.075,0.099,0.369,0.257,1.960
1477010465350000,RADAR,-20.075,8.856,4.529,2.239,-20.165,8.697,4.457,1.977,0.075,0.099,0.369,0.257,3.386
1477010465400000,LASER,-19.848,8.966,4.570,2.165,-19.957,8.809,4.482,1.913,0.075,0.099,0.368,0.257,0.771
1477010465450000,RADAR,-19.619,9.072,4.609,2.092,-19.752,8.928,4.480,1.894,0.076,0.099,0.368,0.257,3.408
1477010465500000,LASER,-19.387,9.175,4.647,2.019,-19.521,9.010,4.522,1.790,0.076,0.099,0.368,0.257,0.166
1477010465550000,RADAR,-19.154,9.274,4.683,1.947,-19.290,9.110,4.555,1.722,0.076,0.100,0.367,0.257,4.514
1477010465600000,LASER,-18.919,9.370,4.717,1.875,-19.020,9.188,4.622,1.606,0.076,0.100,0.367,0.257,5.810
1477010465650000,RADAR,-18.683,9.462,4.749,1.804,-18.801,9.274,4.638,1.539,0.076,0.100,0.366,0.257,1.781
1477010465700000,LASER,-18.445,9.550,4.780,1.734,-18.554,9.369,4.676,1.472,0.076,0.100,0.366,0.257,1.357
1477010465750000,RADAR,-18.205,9.635,4.810,1.665,-18.298,9.404,4.734,1.298,0.076,0.101,0.366,0.257,4.679
1477010465800000,LASER,-17.964,9.716,4.837,1.597,-18.033,9.512,4.778,1.256,0.076,0.101,0.365,0.258,5.753
1477010465850000,RADAR,-17.721,9.795,4.864,1.530,-17.793,9.589,4.791,1.206,0.076,0.101,0.365,0.258,3.534
1477010465900000,LASER,-17.478,9.869,4.889,1.463,-17.533,9.690,4.827,1.169,0.076,0.102,0.365,0.258,3.752
1477010465950000,RADAR,-17.233,9.941,4.912,1.398,-17.293,9.756,4.845,1.096,0.076,0.102,0.364,0.258,0.760
1477010466000000,LASER,-16.987,10.009,4.934,1.334,-17.035,9.872,4.872,1.095,0.076,0.102,0.364,0.258,5.153
1477010466050000,RADAR,-16.740,10.074,4.955,1.271,-16.789,9.928,4.891,1.015,0.076,0.102,0.363,0.258,0.271
1477010466100000,LASER,-16.491,10.136,4.975,1.209,-16.543,10.041,4.906,1.025,0.076,0.102,0.363,0.258,4.002
1477010466150000,RADAR,-16.242,10.195,4.993,1.149,-16.297,10.097,4.924,0.951,0.076,0.102,0.363,0.258,0.922
1477010466200000,LASER,-15.992,10.251,5.010,1.090,-16.046,10.151,4.942,0.879,0.076,0.102,0.362,0.258,0.139
1477010466250000,RADAR,-15.742,10.304,5.027,1.032,-15.802,10.207,4.948,0.831,0.076,0.102,0.362,0.257,0.558
1477010466300000,LASER,-15.490,10.354,5.042,0.975,-15.556,10.236,4.960,0.735,0.076,0.102,0.361,0.257,0.122
1477010466350000,RADAR,-15.238,10.402,5.056,0.920,-15.284,10.248,4.997,0.586,0.076,0.102,0.361,0.258,9.017
1477010466400000,LASER,-14.985,10.446,5.069,0.866,-15.023,10.314,5.016,0.556,0.076,0.102,0.361,0.258,1.755
1477010466450000,RADAR,-14.731,10.488,5.081,0.813,-14.774,10.346,5.013,0.513,0.076,0.103,0.360,0.258,6.094
1477010466500000,LASER,-14.477,10.528,5.092,0.762,-14.512,10.341,5.028,0.386,0.076,0.103,0.360,0.258,1.302
1477010466550000,RADAR,-14.222,10.564,5.103,0.713,-14.256,10.362,5.035,0.313,0.076,0.103,0.360,0.259,0.912
1477010466600000,LASER,-13.967,10.599,5.113,0.665,-13.979,10.488,5.063,0.398,0.076,0.103,0.359,0.259,12.803
1477010466650000,RADAR,-13.711,10.631,5.122,0.618,-13.728,10.537,5.060,0.401,0.075,0.103,0.359,0.258,3.328
1477010466700000,LASER,-13.455,10.661,5.130,0.574,-13.462,10.555,5.074,0.329,0.075,0.103,0.359,0.258,0.565
1477010466750000,RADAR,-13.198,10.688,5.137,0.530,-13.206,10.577,5.080,0.271,0.075,0.103,0.358,0.258,0.564
1477010466800000,LASER,-12.941,10.714,5.144,0.489,-12.948,10.671,5.089,0.328,0.075,0.103,0.358,0.258,6.347
1477010466850000,RADAR,-12.684,10.737,5.151,0.448,-12.692,10.713,5.091,0.321,0.075,0.103,0.357,0.258,2.685
1477010466900000,LASER,-12.426,10.759,5.157,0.410,-12.432,10.705,5.098,0.224,0.075,0.103,0.357,0.258,0.681
1477010466950000,RADAR,-12.168,10.778,5.162,0.373,-12.177,10.738,5.096,0.219,0.075,0.103,0.357,0.258,1.676
1477010467000000,LASER,-11.910,10.796,5.167,0.338,-11.921,10.806,5.102,0.248,0.075,0.103,0.356,0.258,3.346
1477010467050000,RADAR,-11.652,10.812,5.171,0.305,-11.654,10.822,5.110,0.209,0.075,0.103,0.356,0.257,3.513
1477010467100000,LASER,-11.393,10.827,5.175,0.273,-11.403,10.852,5.110,0.186,0.075,0.102,0.356,0.257,0.559
1477010467150000,RADAR,-11.134,10.839,5.178,0.243,-11.144,10.800,5.120,-0.017,0.075,0.102,0.355,0.257,8.147
1477010467200000,LASER,-10.875,10.851,5.182,0.214,-10.859,10.780,5.137,-0.112,0.075,0.102,0.355,0.257,3.799
1477010467250000,RADAR,-10.616,10.861,5.184,0.188,-10.603,10.776,5.135,-0.172,0.075,0.102,0.355,0.258,0.075
1477010467300000,LASER,-10.357,10.870,5.187,0.163,-10.352,10.785,5.131,-0.206,0.074,0.102,0.354,0.258,0.621
1477010467350000,RADAR,-10.098,10.877,5.189,0.140,-10.098,10.831,5.127,-0.129,0.074,0.102,0.354,0.258,7.283
1477010467400000,LASER,-9.838,10.884,5.191,0.118,-9.837,10.875,5.135,-0.104,0.074,0.102,0.353,0.258,2.846
1477010467450000,RADAR,-9.579,10.889,5.193,0.099,-9.591,10.865,5.124,-0.149,0.074,0.102,0.353,0.258,3.654
1477010467500000,LASER,-9.319,10.894,5.194,0.081,-9.328,10.890,5.130,-0.149,0.074,0.102,0.353,0.258,1.175
1477010467550000,RADAR,-9.059,10.897,5.196,0.065,-9.074,10.876,5.125,-0.188,0.074,0.102,0.352,0.258,2.758
1477010467600000,LASER,-8.799,10.900,5.197,0.050,-8.811,10.903,5.132,-0.179,0.074,0.102,0.352,0.258,1.553
1477010467650000,RADAR,-8.540,10.902,5.198,0.038,-8.559,10.871,5.124,-0.248,0.074,0.102,0.352,0.258,6.168
1477010467700000,LASER,-8.280,10.904,5.198,0.027,-8.341,10.816,5.089,-0.353,0.074,0.102,0.351,0.258,5.353
1477010467750000,RADAR,-8.020,10.905,5.199,0.018,-8.085,10.830,5.090,-0.327,0.074,0.101,0.351,0.258,2.170
1477010467800000,LASER,-7.760,10.906,5.199,0.011,-7.793,10.851,5.118,-0.314,0.074,0.101,0.351,0.258,5.014
1477010467850000,RADAR,-7.500,10.906,5.200,0.005,-7.530,10.851,5.120,-0.300,0.074,0.101,0.350,0.258,3.053
1477010467900000,LASER,-7.240,10.906,5.200,0.002,-7.262,10.833,5.127,-0.341,0.074,0.101,0.350,0.259,0.570
