time,sensortype,gt_x,gt_y,gt_vx,gt_vy,est_x,est_y,est_vx,est_vy,rmse_x,rmse_y,rmse_vx,rmse_vy,nis
11477010443000000,RADAR,0.360,0.600,-4.800,0.002,0.202,0.386,2.682,0.000,0.158,0.214,7.482,0.002,0.000
11477010443050000,LASER,0.120,0.600,-4.801,0.005,0.221,0.680,2.678,0.037,0.133,0.161,7.481,0.023,0.093
11477010443100000,RADAR,-0.120,0.601,-4.801,0.010,-0.071,0.872,0.100,2.640,0.112,0.205,6.731,1.518,9.556
11477010443150000,LASER,-0.360,0.601,-4.802,0.017,-0.205,0.787,-0.620,2.066,0.124,0.200,6.193,1.667,5.514
11477010443200000,RADAR,-0.600,0.602,-4.802,0.025,-0.693,0.703,-3.377,0.699,0.119,0.185,5.576,1.521,31.599
11477010443250000,LASER,-0.840,0.604,-4.803,0.035,-0.855,0.698,-3.378,0.429,0.108,0.173,5.123,1.398,2.292
11477010443300000,RADAR,-1.080,0.606,-4.804,0.046,-1.073,0.677,-3.834,1.045,0.100,0.162,4.757,1.348,14.485
11477010443350000,LASER,-1.321,0.608,-4.805,0.060,-1.256,0.706,-3.847,0.872,0.097,0.156,4.463,1.293,1.102
11477010443400000,RADAR,-1.561,0.612,-4.806,0.075,-1.510,0.687,-4.170,0.219,0.093,0.149,4.213,1.220,3.630
11477010443450000,LASER,-1.801,0.616,-4.807,0.091,-1.681,0.686,-4.079,0.143,0.096,0.143,4.003,1.158,2.571
11477010443500000,RADAR,-2.041,0.621,-4.808,0.109,-1.935,0.684,-4.252,0.050,0.097,0.138,3.821,1.104,5.324
11477010443550000,LASER,-2.282,0.627,-4.809,0.129,-2.166,0.701,-4.293,0.051,0.098,0.134,3.661,1.057,1.125
11477010443600000,RADAR,-2.522,0.634,-4.810,0.151,-2.459,0.587,-4.425,-0.791,0.096,0.129,3.519,1.049,9.345
11477010443650000,LASER,-2.763,0.642,-4.811,0.174,-2.688,0.610,-4.465,-0.520,0.095,0.125,3.392,1.028,3.381
11477010443700000,RADAR,-3.003,0.651,-4.812,0.199,-2.951,0.661,-4.546,-0.104,0.093,0.120,3.278,0.996,7.590
11477010443750000,LASER,-3.244,0.662,-4.813,0.226,-3.196,0.710,-4.559,0.189,0.090,0.117,3.175,0.964,2.381
11477010443800000,RADAR,-3.484,0.674,-4.813,0.254,-3.443,0.674,-4.609,-0.031,0.088,0.114,3.080,0.938,1.164
11477010443850000,LASER,-3.725,0.687,-4.814,0.284,-3.687,0.596,-4.625,-0.425,0.086,0.113,2.994,0.927,2.670
11477010443900000,RADAR,-3.966,0.702,-4.814,0.315,-3.927,0.675,-4.645,0.043,0.085,0.110,2.914,0.904,3.412
11477010443950000,LASER,-4.206,0.719,-4.815,0.348,-4.200,0.607,-4.702,-0.272,0.082,0.110,2.841,0.892,4.613
11477010444000000,RADAR,-4.447,0.737,-4.815,0.383,-4.443,0.612,-4.717,-0.200,0.080,0.111,2.772,0.880,0.891
11477010444050000,LASER,-4.688,0.757,-4.814,0.419,-4.683,0.685,-4.715,0.120,0.079,0.109,2.708,0.862,2.543
11477010444100000,RADAR,-4.928,0.779,-4.814,0.457,-4.910,0.768,-4.685,0.435,0.077,0.107,2.649,0.843,5.934
11477010444150000,LASER,-5.169,0.803,-4.813,0.497,-5.165,0.766,-4.714,0.389,0.075,0.105,2.593,0.826,0.963
11477010444200000,RADAR,-5.409,0.829,-4.811,0.538,-5.425,0.741,-4.756,0.270,0.074,0.104,2.541,0.811,3.286
11477010444250000,LASER,-5.650,0.857,-4.809,0.581,-5.644,0.847,-4.706,0.594,0.072,0.102,2.492,0.795,3.062
11477010444300000,RADAR,-5.890,0.887,-4.807,0.625,-5.881,0.950,-4.662,0.862,0.071,0.101,2.445,0.781,5.084
11477010444350000,LASER,-6.130,0.919,-4.804,0.671,-6.084,0.966,-4.638,0.842,0.070,0.100,2.401,0.768,2.435
11477010444400000,RADAR,-6.370,0.954,-4.801,0.719,-6.323,1.000,-4.650,0.867,0.070,0.098,2.360,0.755,6.125
11477010444450000,LASER,-6.610,0.991,-4.797,0.768,-6.585,0.992,-4.690,0.775,0.069,0.097,2.320,0.743,2.250
11477010444500000,RADAR,-6.850,1.031,-4.792,0.819,-6.822,1.023,-4.693,0.793,0.068,0.095,2.283,0.730,1.608
11477010444550000,LASER,-7.089,1.073,-4.786,0.871,-7.059,1.112,-4.668,0.959,0.067,0.094,2.247,0.719,1.035
11477010444600000,RADAR,-7.328,1.118,-4.780,0.924,-7.309,1.110,-4.695,0.879,0.066,0.092,2.213,0.708,2.617
11477010444650000,LASER,-7.567,1.166,-4.773,0.980,-7.546,1.153,-4.689,0.917,0.065,0.091,2.180,0.698,0.016
11477010444700000,RADAR,-7.805,1.216,-4.765,1.036,-7.766,1.196,-4.673,0.953,0.064,0.090,2.148,0.688,3.280
11477010444750000,LASER,-8.043,1.269,-4.756,1.094,-8.001,1.226,-4.673,0.953,0.064,0.089,2.118,0.679,0.137
11477010444800000,RADAR,-8.281,1.325,-4.746,1.154,-8.229,1.329,-4.643,1.111,0.064,0.088,2.090,0.669,4.295
11477010444850000,LASER,-8.518,1.385,-4.735,1.215,-8.465,1.362,-4.645,1.106,0.063,0.087,2.062,0.661,0.226
11477010444900000,RADAR,-8.754,1.447,-4.723,1.277,-8.692,1.413,-4.624,1.141,0.063,0.086,2.036,0.653,4.553
11477010444950000,LASER,-8.990,1.512,-4.710,1.341,-8.925,1.500,-4.604,1.241,0.063,0.085,2.010,0.645,0.513
11477010445000000,RADAR,-9.225,1.581,-4.696,1.406,-9.154,1.534,-4.609,1.226,0.064,0.084,1.985,0.637,5.209
11477010445050000,LASER,-9.459,1.653,-4.680,1.472,-9.409,1.552,-4.632,1.178,0.063,0.084,1.962,0.631,1.773
11477010445100000,RADAR,-9.693,1.728,-4.663,1.539,-9.651,1.570,-4.649,1.134,0.063,0.087,1.939,0.627,4.127
11477010445150000,LASER,-9.925,1.807,-4.644,1.608,-9.911,1.680,-4.644,1.261,0.062,0.088,1.917,0.622,5.826
11477010445200000,RADAR,-10.157,1.889,-4.624,1.678,-10.134,1.798,-4.608,1.398,0.062,0.088,1.895,0.617,5.640
11477010445250000,LASER,-10.387,1.974,-4.603,1.749,-10.344,1.888,-4.572,1.478,0.061,0.088,1.874,0.611,1.070
11477010445300000,RADAR,-10.617,2.064,-4.580,1.821,-10.586,1.970,-4.573,1.528,0.061,0.088,1.854,0.606,3.210
11477010445350000,LASER,-10.845,2.156,-4.555,1.894,-10.820,2.028,-4.571,1.537,0.060,0.089,1.835,0.602,0.194
11477010445400000,RADAR,-11.072,2.253,-4.529,1.968,-11.044,2.120,-4.552,1.600,0.060,0.090,1.816,0.598,1.499
11477010445450000,LASER,-11.298,2.353,-4.501,2.043,-11.241,2.258,-4.489,1.744,0.060,0.090,1.798,0.594,2.765
11477010445500000,RADAR,-11.522,2.457,-4.471,2.118,-11.474,2.342,-4.484,1.779,0.060,0.091,1.780,0.590,0.873
11477010445550000,LASER,-11.745,2.565,-4.440,2.195,-11.703,2.474,-4.451,1.891,0.059,0.091,1.763,0.585,1.732
11477010445600000,RADAR,-11.966,2.677,-4.406,2.272,-11.941,2.578,-4.449,1.944,0.059,0.091,1.746,0.582,4.676
11477010445650000,LASER,-12.185,2.792,-4.371,2.351,-12.173,2.707,-4.421,2.038,0.058,0.091,1.730,0.578,1.679
11477010445700000,RADAR,-12.403,2.911,-4.333,2.429,-12.407,2.794,-4.421,2.055,0.058,0.091,1.714,0.575,1.642
11477010445750000,LASER,-12.618,3.035,-4.293,2.508,-12.619,2.951,-4.366,2.187,0.057,0.091,1.699,0.571,1.711
11477010445800000,RADAR,-12.832,3.162,-4.252,2.588,-12.841,3.069,-4.345,2.245,0.057,0.091,1.684,0.568,1.066
11477010445850000,LASER,-13.043,3.294,-4.208,2.668,-13.040,3.243,-4.273,2.389,0.056,0.091,1.669,0.564,2.036
11477010445900000,RADAR,-13.252,3.429,-4.162,2.749,-13.241,3.359,-4.237,2.436,0.056,0.090,1.655,0.561,3.227
11477010445950000,LASER,-13.459,3.568,-4.113,2.829,-13.434,3.509,-4.176,2.532,0.055,0.090,1.641,0.558,0.726
11477010446000000,RADAR,-13.663,3.712,-4.063,2.910,-13.655,3.654,-4.150,2.603,0.055,0.089,1.628,0.554,5.466
11477010446050000,LASER,-13.865,3.859,-4.010,2.991,-13.861,3.783,-4.118,2.654,0.054,0.089,1.615,0.552,0.002
11477010446100000,RADAR,-14.064,4.011,-3.954,3.072,-14.059,3.940,-4.063,2.741,0.054,0.089,1.602,0.549,2.442
11477010446150000,LASER,-14.260,4.166,-3.897,3.153,-14.253,4.106,-4.002,2.835,0.054,0.089,1.590,0.546,0.485
11477010446200000,RADAR,-14.453,4.326,-3.837,3.234,-14.470,4.257,-3.975,2.895,0.053,0.088,1.577,0.543,6.696
11477010446250000,LASER,-14.644,4.489,-3.774,3.314,-14.654,4.455,-3.892,3.023,0.053,0.088,1.565,0.540,1.899
11477010446300000,RADAR,-14.831,4.657,-3.709,3.394,-14.852,4.611,-3.851,3.081,0.053,0.087,1.554,0.538,0.423
11477010446350000,LASER,-15.014,4.829,-3.641,3.474,-15.011,4.799,-3.755,3.188,0.052,0.087,1.542,0.535,1.789
11477010446400000,RADAR,-15.194,5.004,-3.571,3.553,-15.193,4.957,-3.702,3.243,0.052,0.086,1.531,0.532,0.406
11477010446450000,LASER,-15.371,5.184,-3.498,3.631,-15.374,5.161,-3.623,3.351,0.051,0.086,1.520,0.530,1.993
11477010446500000,RADAR,-15.544,5.367,-3.423,3.709,-15.539,5.354,-3.529,3.448,0.051,0.085,1.510,0.527,3.351
11477010446550000,LASER,-15.713,5.555,-3.345,3.786,-15.738,5.504,-3.515,3.466,0.051,0.085,1.499,0.524,0.959
11477010446600000,RADAR,-15.878,5.746,-3.265,3.862,-15.908,5.669,-3.461,3.511,0.051,0.085,1.489,0.522,1.686
11477010446650000,LASER,-16.040,5.940,-3.182,3.936,-16.050,5.872,-3.356,3.605,0.050,0.084,1.479,0.520,1.340
11477010446700000,RADAR,-16.197,6.139,-3.097,4.010,-16.213,6.055,-3.283,3.667,0.050,0.084,1.469,0.518,1.353
11477010446750000,LASER,-16.349,6.341,-3.009,4.082,-16.351,6.289,-3.163,3.785,0.050,0.084,1.460,0.516,1.918
11477010446800000,RADAR,-16.497,6.547,-2.918,4.153,-16.494,6.469,-3.077,3.836,0.049,0.084,1.450,0.514,6.146
11477010446850000,LASER,-16.641,6.756,-2.825,4.223,-16.653,6.669,-3.014,3.894,0.049,0.084,1.441,0.512,0.383
11477010446900000,RADAR,-16.779,6.969,-2.730,4.290,-16.806,6.869,-2.949,3.949,0.049,0.084,1.432,0.510,0.799
11477010446950000,LASER,-16.913,7.185,-2.632,4.357,-16.988,7.090,-2.911,4.012,0.049,0.084,1.424,0.508,7.780
11477010447000000,RADAR,-17.042,7.405,-2.531,4.421,-17.113,7.310,-2.792,4.093,0.049,0.085,1.415,0.507,2.648
11477010447050000,LASER,-17.167,7.627,-2.428,4.483,-17.213,7.568,-2.639,4.206,0.049,0.084,1.407,0.504,2.479
11477010447100000,RADAR,-17.285,7.853,-2.323,4.543,-17.348,7.769,-2.579,4.240,0.050,0.084,1.398,0.502,1.305
11477010447150000,LASER,-17.399,8.081,-2.216,4.602,-17.468,7.961,-2.505,4.268,0.050,0.085,1.391,0.501,1.559
11477010447200000,RADAR,-17.507,8.313,-2.106,4.657,-17.575,8.192,-2.386,4.336,0.050,0.085,1.383,0.499,2.918
11477010447250000,LASER,-17.609,8.547,-1.994,4.711,-17.709,8.418,-2.323,4.384,0.051,0.086,1.375,0.497,1.391
11477010447300000,RADAR,-17.706,8.783,-1.880,4.762,-17.791,8.642,-2.173,4.445,0.052,0.087,1.367,0.496,4.811
11477010447350000,LASER,-17.797,9.023,-1.763,4.811,-17.863,8.908,-2.014,4.532,0.052,0.087,1.360,0.494,2.069
11477010447400000,RADAR,-17.882,9.264,-1.645,4.856,-17.936,9.156,-1.848,4.602,0.052,0.087,1.352,0.492,5.245
11477010447450000,LASER,-17.961,9.508,-1.525,4.899,-17.954,9.448,-1.614,4.702,0.051,0.087,1.345,0.489,5.868
11477010447500000,RADAR,-18.035,9.754,-1.403,4.940,-18.017,9.696,-1.467,4.752,0.051,0.087,1.338,0.487,1.901
11477010447550000,LASER,-18.102,10.002,-1.279,4.977,-18.095,9.937,-1.368,4.785,0.051,0.087,1.330,0.485,0.164
11477010447600000,RADAR,-18.162,10.252,-1.154,5.011,-18.174,10.164,-1.276,4.805,0.051,0.087,1.323,0.483,6.712
11477010447650000,LASER,-18.217,10.503,-1.026,5.042,-18.180,10.432,-1.073,4.857,0.051,0.087,1.316,0.481,3.081
11477010447700000,RADAR,-18.265,10.755,-0.898,5.070,-18.260,10.666,-1.036,4.868,0.050,0.087,1.309,0.478,2.413
11477010447750000,LASER,-18.307,11.009,-0.768,5.095,-18.307,10.888,-0.932,4.874,0.050,0.087,1.303,0.477,1.484
11477010447800000,RADAR,-18.342,11.265,-0.636,5.116,-18.347,11.134,-0.803,4.896,0.050,0.088,1.296,0.475,0.808
11477010447850000,LASER,-18.370,11.521,-0.504,5.134,-18.339,11.443,-0.598,4.959,0.050,0.087,1.289,0.472,7.468
11477010447900000,RADAR,-18.392,11.778,-0.370,5.149,-18.378,11.691,-0.506,4.972,0.049,0.087,1.283,0.470,0.507
11477010447950000,LASER,-18.407,12.036,-0.235,5.159,-18.398,11.946,-0.385,4.986,0.049,0.087,1.277,0.468,0.069
11477010448000000,RADAR,-18.416,12.294,-0.100,5.167,-18.432,12.190,-0.329,4.990,0.049,0.088,1.270,0.466,2.646
11477010448050000,LASER,-18.417,12.552,0.036,5.170,-18.456,12.452,-0.229,5.006,0.049,0.088,1.264,0.464,1.040
11477010448100000,RADAR,-18.412,12.811,0.173,5.170,-18.468,12.709,-0.124,5.014,0.049,0.088,1.259,0.462,1.770
11477010448150000,LASER,-18.400,13.069,0.310,5.166,-18.467,12.982,-0.002,5.031,0.049,0.088,1.253,0.460,1.420
11477010448200000,RADAR,-18.381,13.327,0.448,5.158,-18.449,13.229,0.158,5.023,0.049,0.088,1.247,0.458,3.212
11477010448250000,LASER,-18.355,13.585,0.586,5.147,-18.399,13.510,0.341,5.032,0.049,0.088,1.242,0.456,2.685
11477010448300000,RADAR,-18.322,13.841,0.724,5.131,-18.389,13.772,0.441,5.032,0.049,0.088,1.236,0.454,3.724
11477010448350000,LASER,-18.283,14.097,0.862,5.112,-18.343,14.038,0.591,5.026,0.050,0.088,1.231,0.452,0.730
11477010448400000,RADAR,-18.236,14.352,1.000,5.089,-18.307,14.295,0.734,5.011,0.050,0.087,1.225,0.450,2.733
11477010448450000,LASER,-18.183,14.606,1.137,5.062,-18.251,14.542,0.876,4.986,0.050,0.087,1.220,0.448,0.428
11477010448500000,RADAR,-18.122,14.858,1.274,5.031,-18.184,14.795,1.064,4.953,0.050,0.087,1.215,0.446,4.968
11477010448550000,LASER,-18.055,15.109,1.411,4.996,-18.102,15.062,1.227,4.931,0.050,0.087,1.209,0.444,1.417
11477010448600000,RADAR,-17.981,15.358,1.546,4.957,-18.045,15.313,1.321,4.910,0.050,0.086,1.204,0.442,1.911
11477010448650000,LASER,-17.901,15.605,1.681,4.914,-17.962,15.563,1.462,4.874,0.050,0.086,1.199,0.440,0.244
11477010448700000,RADAR,-17.813,15.849,1.815,4.867,-17.886,15.799,1.566,4.837,0.051,0.086,1.194,0.439,3.143
11477010448750000,LASER,-17.719,16.091,1.948,4.817,-17.788,16.041,1.708,4.791,0.051,0.086,1.189,0.437,0.319
11477010448800000,RADAR,-17.618,16.331,2.079,4.763,-17.751,16.288,1.707,4.790,0.052,0.085,1.184,0.435,7.485
11477010448850000,LASER,-17.511,16.567,2.209,4.705,-17.598,16.532,1.909,4.727,0.052,0.085,1.180,0.433,4.659
11477010448900000,RADAR,-17.398,16.801,2.338,4.643,-17.458,16.749,2.119,4.632,0.053,0.085,1.175,0.431,4.958
11477010448950000,LASER,-17.278,17.032,2.465,4.578,-17.347,16.991,2.238,4.585,0.053,0.085,1.170,0.429,0.424
11477010449000000,RADAR,-17.151,17.259,2.590,4.509,-17.198,17.207,2.448,4.477,0.053,0.084,1.165,0.428,5.442
11477010449050000,LASER,-17.019,17.482,2.713,4.436,-17.068,17.460,2.571,4.432,0.053,0.084,1.161,0.426,2.903
11477010449100000,RADAR,-16.880,17.702,2.834,4.360,-16.911,17.666,2.741,4.327,0.052,0.084,1.156,0.424,2.020
11477010449150000,LASER,-16.735,17.918,2.952,4.281,-16.778,17.889,2.848,4.262,0.052,0.083,1.151,0.422,0.307
11477010449200000,RADAR,-16.585,18.130,3.069,4.198,-16.622,18.095,2.979,4.171,0.052,0.083,1.147,0.421,0.676
11477010449250000,LASER,-16.428,18.338,3.183,4.112,-16.442,18.272,3.128,4.046,0.052,0.083,1.142,0.419,3.490
11477010449300000,RADAR,-16.267,18.542,3.295,4.022,-16.296,18.476,3.211,3.978,0.052,0.083,1.138,0.417,0.752
11477010449350000,LASER,-16.099,18.740,3.404,3.930,-16.123,18.678,3.329,3.888,0.052,0.083,1.133,0.416,0.233
11477010449400000,RADAR,-15.926,18.934,3.510,3.835,-15.943,18.866,3.456,3.779,0.052,0.083,1.129,0.414,0.717
11477010449450000,LASER,-15.748,19.124,3.613,3.736,-15.761,19.079,3.563,3.703,0.051,0.082,1.125,0.413,2.175
11477010449500000,RADAR,-15.565,19.308,3.714,3.635,-15.574,19.256,3.685,3.583,0.051,0.082,1.120,0.411,0.697
11477010449550000,LASER,-15.377,19.487,3.811,3.531,-15.394,19.455,3.772,3.505,0.051,0.082,1.116,0.410,1.354
11477010449600000,RADAR,-15.184,19.661,3.906,3.425,-15.190,19.617,3.903,3.362,0.051,0.082,1.112,0.408,1.103
11477010449650000,LASER,-14.986,19.830,3.997,3.316,-14.983,19.808,4.002,3.272,0.051,0.081,1.108,0.406,2.207
11477010449700000,RADAR,-14.784,19.993,4.085,3.205,-14.793,19.970,4.086,3.160,0.050,0.081,1.104,0.405,6.119
11477010449750000,LASER,-14.578,20.150,4.170,3.092,-14.615,20.125,4.145,3.060,0.050,0.081,1.100,0.404,1.366
11477010449800000,RADAR,-14.367,20.302,4.251,2.977,-14.411,20.273,4.213,2.958,0.050,0.081,1.095,0.402,2.381
11477010449850000,LASER,-14.153,20.448,4.329,2.859,-14.180,20.427,4.310,2.840,0.050,0.080,1.092,0.401,0.945
11477010449900000,RADAR,-13.934,20.588,4.403,2.740,-13.954,20.556,4.402,2.694,0.050,0.080,1.088,0.399,0.463
11477010449950000,LASER,-13.712,20.722,4.474,2.619,-13.749,20.701,4.459,2.595,0.050,0.080,1.084,0.398,0.756
11477010450000000,RADAR,-13.487,20.850,4.541,2.497,-13.519,20.820,4.541,2.450,0.050,0.080,1.080,0.396,0.238
11477010450050000,LASER,-13.258,20.972,4.604,2.373,-13.281,20.943,4.617,2.319,0.050,0.079,1.076,0.395,0.272
11477010450100000,RADAR,-13.026,21.087,4.664,2.248,-13.040,21.054,4.684,2.186,0.050,0.079,1.072,0.394,2.373
11477010450150000,LASER,-12.792,21.197,4.721,2.121,-12.794,21.183,4.750,2.078,0.049,0.079,1.069,0.392,1.644
11477010450200000,RADAR,-12.554,21.299,4.773,1.994,-12.566,21.299,4.785,1.991,0.049,0.079,1.065,0.391,1.035
11477010450250000,LASER,-12.314,21.396,4.822,1.866,-12.306,21.412,4.852,1.872,0.049,0.078,1.061,0.390,1.731
11477010450300000,RADAR,-12.072,21.486,4.867,1.736,-12.051,21.491,4.913,1.713,0.049,0.078,1.058,0.388,1.965
11477010450350000,LASER,-11.828,21.570,4.908,1.607,-11.829,21.601,4.937,1.627,0.049,0.078,1.054,0.387,2.426
11477010450400000,RADAR,-11.581,21.647,4.946,1.476,-11.581,21.683,4.977,1.505,0.049,0.078,1.050,0.386,0.248
11477010450450000,LASER,-11.333,21.717,4.980,1.346,-11.307,21.727,5.034,1.321,0.049,0.077,1.047,0.384,2.441
11477010450500000,RADAR,-11.083,21.781,5.011,1.215,-11.064,21.802,5.056,1.220,0.048,0.077,1.044,0.383,1.150
11477010450550000,LASER,-10.832,21.839,5.037,1.084,-10.810,21.829,5.086,1.042,0.048,0.077,1.040,0.382,1.739
11477010450600000,RADAR,-10.579,21.890,5.060,0.953,-10.551,21.874,5.120,0.884,0.048,0.077,1.037,0.381,1.130
11477010450650000,LASER,-10.326,21.934,5.080,0.822,-10.282,21.911,5.150,0.733,0.048,0.076,1.033,0.379,0.347
11477010450700000,RADAR,-10.071,21.972,5.096,0.691,-10.018,21.927,5.172,0.562,0.048,0.076,1.030,0.378,1.885
11477010450750000,LASER,-9.816,22.003,5.108,0.561,-9.760,21.954,5.185,0.423,0.048,0.076,1.027,0.377,0.021
11477010450800000,RADAR,-9.560,22.028,5.117,0.431,-9.498,21.962,5.197,0.255,0.048,0.076,1.023,0.376,0.235
11477010450850000,LASER,-9.304,22.046,5.122,0.302,-9.260,22.001,5.193,0.158,0.048,0.076,1.020,0.375,2.557
11477010450900000,RADAR,-9.048,22.058,5.125,0.174,-8.998,21.995,5.196,-0.011,0.048,0.076,1.017,0.374,0.293
11477010450950000,LASER,-8.792,22.064,5.123,0.046,-8.728,22.009,5.204,-0.133,0.048,0.076,1.014,0.374,0.781
11477010451000000,RADAR,-8.535,22.063,5.119,-0.080,-8.469,21.991,5.199,-0.323,0.049,0.076,1.011,0.373,4.622
11477010451050000,LASER,-8.279,22.056,5.111,-0.206,-8.197,21.996,5.203,-0.438,0.049,0.076,1.008,0.372,1.346
11477010451100000,RADAR,-8.024,22.042,5.101,-0.330,-7.934,21.986,5.194,-0.564,0.049,0.076,1.005,0.372,3.153
11477010451150000,LASER,-7.769,22.023,5.087,-0.454,-7.684,21.980,5.178,-0.668,0.049,0.075,1.002,0.371,1.446
11477010451200000,RADAR,-7.515,21.997,5.070,-0.576,-7.427,21.931,5.152,-0.859,0.050,0.075,0.999,0.370,2.149
11477010451250000,LASER,-7.262,21.965,5.051,-0.696,-7.182,21.901,5.124,-0.979,0.050,0.075,0.996,0.370,0.897
11477010451300000,RADAR,-7.010,21.927,5.028,-0.815,-6.923,21.850,5.097,-1.119,0.050,0.075,0.993,0.369,0.563
11477010451350000,LASER,-6.759,21.884,5.003,-0.933,-6.704,21.792,5.040,-1.256,0.050,0.075,0.990,0.369,3.361
11477010451400000,RADAR,-6.509,21.834,4.976,-1.049,-6.460,21.755,5.013,-1.319,0.050,0.075,0.987,0.369,5.692
11477010451450000,LASER,-6.261,21.779,4.946,-1.163,-6.249,21.694,4.951,-1.440,0.050,0.075,0.984,0.368,4.511
11477010451500000,RADAR,-6.015,21.718,4.913,-1.275,-5.996,21.633,4.926,-1.512,0.050,0.076,0.981,0.368,6.769
11477010451550000,LASER,-5.770,21.651,4.878,-1.386,-5.762,21.574,4.885,-1.612,0.050,0.076,0.978,0.367,1.288
11477010451600000,RADAR,-5.527,21.579,4.841,-1.495,-5.523,21.499,4.840,-1.737,0.050,0.076,0.975,0.366,2.618
11477010451650000,LASER,-5.285,21.502,4.802,-1.601,-5.273,21.439,4.812,-1.823,0.050,0.075,0.972,0.366,1.278
11477010451700000,RADAR,-5.046,21.419,4.760,-1.706,-5.020,21.361,4.785,-1.908,0.050,0.075,0.970,0.365,7.335
11477010451750000,LASER,-4.809,21.331,4.717,-1.809,-4.788,21.300,4.747,-1.977,0.049,0.075,0.967,0.364,2.943
11477010451800000,RADAR,-4.574,21.238,4.672,-1.910,-4.551,21.218,4.716,-2.025,0.049,0.075,0.964,0.363,6.596
11477010451850000,LASER,-4.342,21.140,4.625,-2.008,-4.288,21.203,4.729,-2.012,0.049,0.075,0.961,0.362,12.290
11477010451900000,RADAR,-4.112,21.037,4.577,-2.105,-4.040,21.129,4.711,-2.054,0.050,0.075,0.959,0.361,3.645
11477010451950000,LASER,-3.884,20.930,4.527,-2.199,-3.851,20.997,4.616,-2.198,0.049,0.075,0.956,0.360,4.371
11477010452000000,RADAR,-3.659,20.817,4.475,-2.291,-3.627,20.865,4.544,-2.353,0.049,0.075,0.954,0.359,1.400
11477010452050000,LASER,-3.436,20.700,4.422,-2.381,-3.402,20.714,4.472,-2.499,0.049,0.075,0.951,0.358,1.755
11477010452100000,RADAR,-3.216,20.579,4.368,-2.469,-3.182,20.600,4.422,-2.571,0.049,0.075,0.948,0.357,2.012
11477010452150000,LASER,-2.999,20.453,4.313,-2.555,-2.946,20.480,4.382,-2.656,0.049,0.074,0.946,0.357,0.539
11477010452200000,RADAR,-2.785,20.323,4.256,-2.638,-2.708,20.366,4.360,-2.697,0.049,0.074,0.943,0.356,7.781
11477010452250000,LASER,-2.573,20.190,4.199,-2.719,-2.512,20.217,4.275,-2.810,0.050,0.074,0.941,0.355,0.759
11477010452300000,RADAR,-2.365,20.052,4.141,-2.798,-2.297,20.077,4.214,-2.904,0.050,0.074,0.938,0.354,0.576
11477010452350000,LASER,-2.159,19.910,4.082,-2.874,-2.104,19.890,4.111,-3.050,0.050,0.074,0.936,0.353,2.648
11477010452400000,RADAR,-1.956,19.764,4.022,-2.949,-1.906,19.721,4.025,-3.165,0.050,0.074,0.933,0.353,1.048
11477010452450000,LASER,-1.757,19.615,3.962,-3.021,-1.699,19.559,3.957,-3.257,0.050,0.073,0.931,0.352,0.130
11477010452500000,RADAR,-1.560,19.462,3.901,-3.091,-1.501,19.381,3.870,-3.373,0.050,0.073,0.928,0.352,2.382
11477010452550000,LASER,-1.366,19.306,3.840,-3.159,-1.311,19.228,3.799,-3.442,0.050,0.074,0.926,0.351,0.822
11477010452600000,RADAR,-1.176,19.146,3.779,-3.224,-1.124,19.047,3.714,-3.536,0.050,0.074,0.924,0.351,0.498
11477010452650000,LASER,-0.988,18.983,3.717,-3.288,-0.961,18.867,3.608,-3.627,0.050,0.074,0.921,0.351,0.836
11477010452700000,RADAR,-0.804,18.817,3.655,-3.349,-0.766,18.705,3.570,-3.658,0.050,0.074,0.919,0.351,2.996
11477010452750000,LASER,-0.623,18.648,3.594,-3.408,-0.589,18.556,3.510,-3.697,0.050,0.074,0.917,0.351,3.310
11477010452800000,RADAR,-0.444,18.476,3.532,-3.465,-0.414,18.371,3.436,-3.764,0.050,0.074,0.914,0.350,0.374
11477010452850000,LASER,-0.269,18.301,3.470,-3.520,-0.279,18.180,3.313,-3.847,0.049,0.075,0.912,0.350,2.136
11477010452900000,RADAR,-0.097,18.124,3.408,-3.574,-0.117,17.992,3.226,-3.916,0.049,0.075,0.910,0.350,0.791
11477010452950000,LASER,0.072,17.944,3.347,-3.625,0.056,17.817,3.169,-3.960,0.049,0.076,0.908,0.350,1.009
11477010453000000,RADAR,0.238,17.761,3.286,-3.674,0.238,17.641,3.150,-3.968,0.049,0.076,0.905,0.350,5.644
11477010453050000,LASER,0.401,17.576,3.225,-3.721,0.415,17.463,3.104,-4.005,0.049,0.076,0.903,0.350,1.024
11477010453100000,RADAR,0.560,17.389,3.164,-3.767,0.615,17.311,3.130,-3.975,0.049,0.076,0.901,0.349,13.320
11477010453150000,LASER,0.717,17.199,3.105,-3.810,0.733,17.102,3.005,-4.053,0.049,0.076,0.899,0.349,1.636
11477010453200000,RADAR,0.871,17.008,3.045,-3.852,0.889,16.911,2.951,-4.085,0.049,0.076,0.897,0.348,0.797
11477010453250000,LASER,1.022,16.814,2.987,-3.892,1.007,16.719,2.847,-4.134,0.049,0.076,0.894,0.348,2.493
11477010453300000,RADAR,1.170,16.618,2.929,-3.930,1.152,16.519,2.773,-4.183,0.049,0.077,0.892,0.347,1.619
11477010453350000,LASER,1.315,16.421,2.871,-3.967,1.255,16.300,2.645,-4.252,0.049,0.077,0.890,0.347,1.246
11477010453400000,RADAR,1.457,16.222,2.815,-4.002,1.392,16.096,2.583,-4.285,0.049,0.077,0.888,0.347,0.496
11477010453450000,LASER,1.597,16.021,2.759,-4.035,1.573,15.897,2.577,-4.308,0.049,0.077,0.886,0.346,2.960
11477010453500000,RADAR,1.733,15.818,2.705,-4.067,1.694,15.690,2.507,-4.335,0.049,0.078,0.884,0.346,4.428
11477010453550000,LASER,1.867,15.614,2.651,-4.098,1.750,15.471,2.339,-4.395,0.049,0.078,0.882,0.346,5.887
11477010453600000,RADAR,1.998,15.408,2.598,-4.127,1.899,15.283,2.331,-4.390,0.049,0.078,0.881,0.346,6.275
11477010453650000,LASER,2.127,15.201,2.546,-4.154,2.017,15.072,2.260,-4.422,0.050,0.079,0.879,0.345,0.284
11477010453700000,RADAR,2.253,14.992,2.495,-4.181,2.134,14.857,2.189,-4.457,0.050,0.079,0.877,0.345,1.233
11477010453750000,LASER,2.377,14.783,2.446,-4.206,2.270,14.636,2.148,-4.488,0.051,0.080,0.875,0.345,0.875
11477010453800000,RADAR,2.498,14.572,2.397,-4.229,2.372,14.408,2.068,-4.524,0.051,0.080,0.873,0.344,0.838
11477010453850000,LASER,2.616,14.360,2.350,-4.252,2.531,14.222,2.087,-4.514,0.052,0.080,0.872,0.344,5.344
11477010453900000,RADAR,2.733,14.146,2.303,-4.273,2.645,14.000,2.026,-4.545,0.052,0.081,0.870,0.344,2.011
11477010453950000,LASER,2.847,13.932,2.258,-4.293,2.759,13.780,1.975,-4.568,0.052,0.081,0.868,0.344,0.271
11477010454000000,RADAR,2.959,13.717,2.215,-4.312,2.854,13.546,1.900,-4.600,0.052,0.082,0.866,0.343,1.254
11477010454050000,LASER,3.069,13.501,2.172,-4.330,2.923,13.324,1.794,-4.628,0.053,0.083,0.865,0.343,1.257
11477010454100000,RADAR,3.176,13.284,2.131,-4.347,3.024,13.115,1.772,-4.619,0.054,0.083,0.863,0.343,5.201
11477010454150000,LASER,3.282,13.066,2.092,-4.363,3.156,12.914,1.777,-4.614,0.055,0.084,0.861,0.343,3.384
11477010454200000,RADAR,3.385,12.847,2.053,-4.378,3.277,12.690,1.789,-4.606,0.055,0.084,0.860,0.342,6.906
11477010454250000,LASER,3.487,12.628,2.016,-4.392,3.363,12.512,1.742,-4.588,0.056,0.084,0.858,0.342,10.343
11477010454300000,RADAR,3.587,12.408,1.981,-4.405,3.481,12.300,1.749,-4.580,0.056,0.084,0.856,0.341,3.005
11477010454350000,LASER,3.685,12.188,1.946,-4.417,3.594,12.085,1.733,-4.586,0.056,0.085,0.855,0.340,0.958
11477010454400000,RADAR,3.782,11.966,1.914,-4.429,3.689,11.867,1.716,-4.582,0.056,0.085,0.853,0.340,2.598
11477010454450000,LASER,3.877,11.745,1.882,-4.440,3.810,11.654,1.719,-4.582,0.056,0.085,0.851,0.339,1.610
11477010454500000,RADAR,3.970,11.522,1.853,-4.450,3.900,11.438,1.681,-4.588,0.056,0.085,0.849,0.339,2.344
11477010454550000,LASER,4.062,11.300,1.824,-4.459,3.993,11.194,1.639,-4.616,0.056,0.085,0.847,0.338,0.944
11477010454600000,RADAR,4.153,11.076,1.798,-4.468,4.118,10.988,1.680,-4.593,0.056,0.085,0.846,0.337,6.029
11477010454650000,LASER,4.242,10.853,1.772,-4.476,4.197,10.793,1.639,-4.583,0.056,0.085,0.844,0.337,4.665
11477010454700000,RADAR,4.330,10.629,1.749,-4.483,4.282,10.574,1.610,-4.586,0.056,0.085,0.842,0.336,1.140
11477010454750000,LASER,4.417,10.404,1.726,-4.490,4.375,10.361,1.590,-4.586,0.056,0.084,0.840,0.335,1.004
11477010454800000,RADAR,4.503,10.180,1.706,-4.496,4.477,10.140,1.594,-4.583,0.056,0.084,0.839,0.335,1.300
11477010454850000,LASER,4.588,9.955,1.687,-4.502,4.544,9.918,1.538,-4.593,0.056,0.084,0.837,0.334,0.463
11477010454900000,RADAR,4.671,9.729,1.669,-4.507,4.636,9.702,1.523,-4.594,0.056,0.084,0.835,0.334,3.498
11477010454950000,LASER,4.754,9.504,1.653,-4.512,4.705,9.498,1.481,-4.589,0.056,0.084,0.834,0.333,2.629
11477010455000000,RADAR,4.837,9.278,1.639,-4.516,4.792,9.304,1.489,-4.561,0.056,0.084,0.832,0.332,14.171
11477010455050000,LASER,4.918,9.052,1.626,-4.519,4.822,9.063,1.387,-4.590,0.056,0.083,0.830,0.332,2.323
11477010455100000,RADAR,4.999,8.826,1.615,-4.523,4.904,8.828,1.370,-4.601,0.056,0.083,0.829,0.331,1.456
11477010455150000,LASER,5.080,8.600,1.605,-4.525,4.986,8.595,1.351,-4.613,0.057,0.083,0.827,0.330,0.323
11477010455200000,RADAR,5.160,8.374,1.597,-4.528,5.097,8.373,1.411,-4.596,0.057,0.083,0.826,0.330,4.145
11477010455250000,LASER,5.240,8.147,1.591,-4.529,5.169,8.131,1.378,-4.615,0.057,0.083,0.824,0.329,0.549
11477010455300000,RADAR,5.319,7.921,1.586,-4.531,5.274,7.901,1.426,-4.605,0.057,0.083,0.822,0.328,3.532
11477010455350000,LASER,5.398,7.694,1.583,-4.532,5.342,7.670,1.392,-4.615,0.057,0.082,0.821,0.328,0.019
11477010455400000,RADAR,5.477,7.468,1.581,-4.532,5.450,7.443,1.446,-4.604,0.057,0.082,0.819,0.327,3.105
11477010455450000,LASER,5.557,7.241,1.581,-4.532,5.491,7.206,1.377,-4.620,0.057,0.082,0.818,0.326,1.249
11477010455500000,RADAR,5.636,7.014,1.583,-4.532,5.606,6.988,1.474,-4.587,0.056,0.082,0.816,0.326,7.100
11477010455550000,LASER,5.715,6.788,1.586,-4.531,5.707,6.763,1.497,-4.584,0.056,0.082,0.815,0.325,1.121
11477010455600000,RADAR,5.794,6.561,1.591,-4.530,5.767,6.540,1.458,-4.589,0.056,0.082,0.813,0.325,1.390
11477010455650000,LASER,5.874,6.335,1.597,-4.528,5.819,6.312,1.412,-4.597,0.056,0.082,0.811,0.324,0.694
11477010455700000,RADAR,5.954,6.108,1.605,-4.526,5.886,6.067,1.393,-4.611,0.056,0.081,0.810,0.323,3.728
11477010455750000,LASER,6.035,5.882,1.615,-4.523,5.956,5.847,1.378,-4.608,0.056,0.081,0.809,0.323,0.401
11477010455800000,RADAR,6.116,5.656,1.626,-4.520,6.006,5.614,1.315,-4.625,0.057,0.081,0.807,0.322,0.774
11477010455850000,LASER,6.197,5.430,1.639,-4.517,6.068,5.397,1.294,-4.620,0.057,0.081,0.806,0.322,0.781
11477010455900000,RADAR,6.280,5.205,1.654,-4.513,6.143,5.168,1.298,-4.620,0.058,0.081,0.805,0.321,0.225
11477010455950000,LASER,6.363,4.979,1.670,-4.508,6.222,4.937,1.299,-4.623,0.058,0.081,0.803,0.321,0.400
11477010456000000,RADAR,6.446,4.754,1.687,-4.503,6.294,4.729,1.297,-4.609,0.059,0.081,0.802,0.320,5.625
11477010456050000,LASER,6.531,4.529,1.706,-4.498,6.397,4.480,1.328,-4.624,0.059,0.081,0.801,0.320,5.030
11477010456100000,RADAR,6.617,4.304,1.727,-4.492,6.491,4.248,1.387,-4.613,0.060,0.081,0.800,0.319,2.939
11477010456150000,LASER,6.704,4.080,1.749,-4.485,6.590,4.003,1.412,-4.623,0.060,0.081,0.799,0.319,3.041
11477010456200000,RADAR,6.792,3.856,1.773,-4.478,6.703,3.774,1.506,-4.601,0.060,0.081,0.797,0.318,4.242
11477010456250000,LASER,6.881,3.632,1.798,-4.470,6.756,3.554,1.474,-4.599,0.061,0.081,0.796,0.318,1.731
11477010456300000,RADAR,6.972,3.409,1.825,-4.461,6.844,3.329,1.514,-4.585,0.061,0.081,0.795,0.317,1.384
11477010456350000,LASER,7.064,3.186,1.854,-4.452,6.962,3.140,1.579,-4.544,0.061,0.080,0.793,0.316,6.815
11477010456400000,RADAR,7.157,2.964,1.883,-4.442,7.078,2.942,1.683,-4.495,0.061,0.080,0.792,0.316,8.853
11477010456450000,LASER,7.252,2.742,1.915,-4.431,7.174,2.727,1.709,-4.482,0.061,0.080,0.791,0.315,0.439
11477010456500000,RADAR,7.349,2.521,1.947,-4.420,7.279,2.513,1.740,-4.468,0.061,0.080,0.789,0.315,3.786
11477010456550000,LASER,7.447,2.300,1.982,-4.407,7.363,2.296,1.747,-4.459,0.061,0.080,0.788,0.314,0.245
11477010456600000,RADAR,7.547,2.080,2.017,-4.394,7.434,2.057,1.718,-4.478,0.062,0.080,0.787,0.314,2.287
11477010456650000,LASER,7.649,1.861,2.054,-4.380,7.528,1.827,1.732,-4.479,0.062,0.080,0.786,0.313,0.354
11477010456700000,RADAR,7.752,1.642,2.093,-4.365,7.652,1.613,1.824,-4.447,0.062,0.079,0.784,0.313,3.799
11477010456750000,LASER,7.858,1.424,2.133,-4.350,7.766,1.355,1.853,-4.469,0.062,0.079,0.783,0.312,7.800
11477010456800000,RADAR,7.965,1.207,2.174,-4.333,7.889,1.151,1.933,-4.430,0.062,0.079,0.782,0.312,3.857
11477010456850000,LASER,8.075,0.991,2.216,-4.315,7.950,0.915,1.899,-4.446,0.063,0.079,0.781,0.311,2.373
11477010456900000,RADAR,8.187,0.776,2.260,-4.296,8.064,0.696,1.968,-4.421,0.063,0.079,0.779,0.311,1.992
11477010456950000,LASER,8.301,0.562,2.305,-4.276,8.191,0.491,2.026,-4.391,0.063,0.079,0.778,0.310,1.506
11477010457000000,RADAR,8.418,0.349,2.351,-4.255,8.326,0.287,2.102,-4.355,0.063,0.079,0.777,0.310,5.183
11477010457050000,LASER,8.536,0.137,2.399,-4.232,8.446,0.097,2.151,-4.315,0.064,0.079,0.776,0.309,2.005
11477010457100000,RADAR,8.657,-0.074,2.447,-4.209,8.615,-0.103,2.317,-4.244,0.063,0.079,0.774,0.309,11.863
11477010457150000,LASER,8.781,-0.284,2.497,-4.184,8.771,-0.286,2.406,-4.184,0.063,0.079,0.773,0.308,3.195
11477010457200000,RADAR,8.907,-0.492,2.548,-4.158,8.924,-0.461,2.520,-4.106,0.063,0.079,0.772,0.308,10.293
11477010457250000,LASER,9.036,-0.700,2.600,-4.130,9.070,-0.654,2.584,-4.063,0.063,0.079,0.770,0.307,0.658
11477010457300000,RADAR,9.167,-0.905,2.653,-4.101,9.211,-0.864,2.646,-4.036,0.063,0.079,0.769,0.307,1.670
11477010457350000,LASER,9.301,-1.110,2.707,-4.071,9.305,-1.103,2.624,-4.066,0.063,0.078,0.768,0.306,3.624
11477010457400000,RADAR,9.438,-1.312,2.762,-4.039,9.454,-1.317,2.715,-4.029,0.063,0.078,0.766,0.306,6.637
11477010457450000,LASER,9.577,-1.513,2.817,-4.005,9.625,-1.514,2.797,-3.984,0.063,0.078,0.765,0.305,2.709
11477010457500000,RADAR,9.719,-1.713,2.874,-3.970,9.766,-1.700,2.833,-3.947,0.063,0.078,0.764,0.304,1.764
11477010457550000,LASER,9.864,-1.910,2.931,-3.934,9.885,-1.896,2.844,-3.927,0.063,0.078,0.762,0.304,1.538
11477010457600000,RADAR,10.012,-2.106,2.989,-3.895,10.047,-2.088,2.938,-3.872,0.063,0.078,0.761,0.303,4.087
11477010457650000,LASER,10.163,-2.299,3.048,-3.855,10.195,-2.284,2.978,-3.845,0.063,0.078,0.760,0.303,0.043
11477010457700000,RADAR,10.317,-2.491,3.108,-3.814,10.322,-2.469,2.976,-3.825,0.062,0.078,0.759,0.302,4.781
11477010457750000,LASER,10.474,-2.681,3.167,-3.770,10.475,-2.684,3.010,-3.819,0.062,0.077,0.757,0.302,1.955
11477010457800000,RADAR,10.634,-2.868,3.228,-3.725,10.618,-2.874,3.023,-3.799,0.062,0.077,0.756,0.301,1.142
11477010457850000,LASER,10.796,-3.053,3.289,-3.677,10.751,-3.065,3.035,-3.782,0.062,0.077,0.755,0.301,0.826
11477010457900000,RADAR,10.962,-3.235,3.350,-3.628,10.932,-3.240,3.142,-3.710,0.062,0.077,0.754,0.301,5.461
11477010457950000,LASER,11.131,-3.415,3.411,-3.577,11.099,-3.420,3.192,-3.667,0.062,0.077,0.753,0.300,0.103
11477010458000000,RADAR,11.303,-3.593,3.473,-3.524,11.272,-3.592,3.267,-3.606,0.062,0.077,0.752,0.300,2.426
11477010458050000,LASER,11.478,-3.768,3.535,-3.469,11.453,-3.781,3.322,-3.573,0.062,0.077,0.750,0.299,1.537
11477010458100000,RADAR,11.656,-3.940,3.597,-3.412,11.631,-3.962,3.381,-3.530,0.062,0.077,0.749,0.299,1.401
11477010458150000,LASER,11.838,-4.109,3.659,-3.352,11.809,-4.149,3.426,-3.500,0.062,0.076,0.748,0.298,0.747
11477010458200000,RADAR,12.022,-4.275,3.721,-3.291,12.006,-4.320,3.507,-3.439,0.062,0.076,0.747,0.298,3.619
11477010458250000,LASER,12.210,-4.437,3.783,-3.227,12.202,-4.478,3.574,-3.370,0.062,0.076,0.746,0.298,0.533
11477010458300000,RADAR,12.400,-4.597,3.844,-3.162,12.400,-4.634,3.660,-3.292,0.061,0.076,0.745,0.297,4.394
11477010458350000,LASER,12.594,-4.753,3.905,-3.094,12.605,-4.764,3.736,-3.193,0.061,0.076,0.744,0.297,1.102
11477010458400000,RADAR,12.791,-4.906,3.966,-3.024,12.803,-4.919,3.792,-3.131,0.061,0.076,0.742,0.296,0.748
11477010458450000,LASER,12.990,-5.056,4.026,-2.952,13.007,-5.079,3.847,-3.078,0.061,0.076,0.741,0.296,0.857
11477010458500000,RADAR,13.193,-5.201,4.086,-2.877,13.182,-5.236,3.870,-3.040,0.061,0.076,0.740,0.296,3.630
11477010458550000,LASER,13.399,-5.343,4.145,-2.801,13.354,-5.415,3.876,-3.037,0.061,0.076,0.739,0.295,0.814
11477010458600000,RADAR,13.607,-5.481,4.203,-2.722,13.581,-5.546,3.979,-2.932,0.061,0.076,0.738,0.295,9.664
11477010458650000,LASER,13.819,-5.615,4.261,-2.641,13.770,-5.694,4.007,-2.888,0.061,0.076,0.737,0.295,0.267
11477010458700000,RADAR,14.033,-5.745,4.317,-2.557,13.996,-5.831,4.087,-2.803,0.061,0.076,0.736,0.295,4.478
11477010458750000,LASER,14.250,-5.871,4.372,-2.472,14.229,-5.955,4.160,-2.709,0.061,0.076,0.735,0.295,1.375
11477010458800000,RADAR,14.470,-5.992,4.427,-2.384,14.448,-6.092,4.215,-2.643,0.061,0.076,0.734,0.295,1.428
11477010458850000,LASER,14.693,-6.109,4.479,-2.294,14.687,-6.183,4.292,-2.511,0.061,0.076,0.733,0.294,1.223
11477010458900000,RADAR,14.918,-6.221,4.531,-2.201,14.904,-6.306,4.340,-2.439,0.060,0.076,0.732,0.294,2.534
11477010458950000,LASER,15.146,-6.329,4.581,-2.107,15.098,-6.401,4.363,-2.350,0.060,0.076,0.731,0.294,4.725
11477010459000000,RADAR,15.376,-6.432,4.630,-2.010,15.331,-6.514,4.416,-2.269,0.060,0.076,0.730,0.294,1.703
11477010459050000,LASER,15.608,-6.530,4.677,-1.912,15.568,-6.609,4.470,-2.165,0.060,0.076,0.729,0.294,0.350
11477010459100000,RADAR,15.843,-6.623,4.722,-1.811,15.800,-6.719,4.520,-2.092,0.060,0.076,0.728,0.294,3.996
11477010459150000,LASER,16.080,-6.711,4.765,-1.708,16.042,-6.842,4.562,-2.040,0.060,0.076,0.727,0.294,2.582
11477010459200000,RADAR,16.319,-6.793,4.806,-1.603,16.256,-6.937,4.579,-1.967,0.060,0.077,0.726,0.294,2.942
11477010459250000,LASER,16.561,-6.871,4.846,-1.496,16.499,-7.038,4.620,-1.892,0.060,0.077,0.725,0.295,0.791
11477010459300000,RADAR,16.804,-6.943,4.883,-1.387,16.723,-7.137,4.644,-1.832,0.060,0.078,0.724,0.295,0.862
11477010459350000,LASER,17.049,-7.009,4.918,-1.277,16.973,-7.198,4.693,-1.704,0.060,0.078,0.723,0.296,0.548
11477010459400000,RADAR,17.295,-7.070,4.950,-1.164,17.204,-7.270,4.717,-1.611,0.061,0.079,0.722,0.296,1.410
11477010459450000,LASER,17.543,-7.126,4.980,-1.050,17.483,-7.257,4.792,-1.369,0.061,0.079,0.721,0.296,4.752
11477010459500000,RADAR,17.793,-7.175,5.008,-0.934,17.741,-7.308,4.838,-1.255,0.060,0.079,0.720,0.296,8.475
11477010459550000,LASER,18.044,-7.219,5.033,-0.816,18.008,-7.308,4.884,-1.058,0.060,0.079,0.718,0.296,2.010
11477010459600000,RADAR,18.296,-7.257,5.055,-0.697,18.251,-7.329,4.902,-0.914,0.060,0.079,0.717,0.296,5.580
11477010459650000,LASER,18.549,-7.289,5.075,-0.576,18.507,-7.345,4.927,-0.769,0.060,0.079,0.716,0.296,0.396
11477010459700000,RADAR,18.803,-7.314,5.091,-0.454,18.773,-7.383,4.958,-0.670,0.060,0.079,0.715,0.296,5.740
11477010459750000,LASER,19.058,-7.334,5.105,-0.331,19.017,-7.389,4.967,-0.531,0.060,0.079,0.714,0.295,0.870
11477010459800000,RADAR,19.313,-7.347,5.115,-0.206,19.258,-7.427,4.971,-0.454,0.060,0.079,0.713,0.295,2.534
11477010459850000,LASER,19.569,-7.355,5.123,-0.080,19.570,-7.369,5.017,-0.201,0.060,0.079,0.712,0.295,10.407
11477010459900000,RADAR,19.826,-7.356,5.127,0.046,19.828,-7.385,5.030,-0.114,0.060,0.079,0.711,0.295,1.679
11477010459950000,LASER,20.082,-7.350,5.128,0.174,20.110,-7.345,5.046,0.074,0.060,0.079,0.710,0.294,2.747
11477010460000000,RADAR,20.338,-7.338,5.126,0.303,20.363,-7.371,5.056,0.109,0.060,0.079,0.709,0.294,5.202
11477010460050000,LASER,20.594,-7.320,5.121,0.432,20.595,-7.367,5.040,0.202,0.060,0.079,0.708,0.294,1.625
11477010460100000,RADAR,20.850,-7.295,5.112,0.562,20.848,-7.342,5.031,0.334,0.060,0.079,0.707,0.294,0.739
11477010460150000,LASER,21.105,-7.264,5.099,0.692,21.114,-7.258,5.019,0.552,0.060,0.078,0.706,0.293,2.232
11477010460200000,RADAR,21.360,-7.226,5.083,0.823,21.371,-7.236,5.016,0.641,0.060,0.078,0.705,0.293,1.212
11477010460250000,LASER,21.613,-7.181,5.063,0.954,21.610,-7.279,5.011,0.618,0.059,0.078,0.704,0.293,3.184
11477010460300000,RADAR,21.866,-7.130,5.040,1.085,21.861,-7.216,4.981,0.795,0.059,0.078,0.703,0.293,6.408
11477010460350000,LASER,22.117,-7.073,5.014,1.216,22.151,-7.083,4.964,1.054,0.059,0.078,0.702,0.293,9.077
11477010460400000,RADAR,22.367,-7.009,4.983,1.347,22.385,-7.004,4.908,1.233,0.059,0.078,0.701,0.293,6.404
11477010460450000,LASER,22.615,-6.938,4.949,1.477,22.608,-6.904,4.849,1.405,0.059,0.078,0.700,0.292,3.094
11477010460500000,RADAR,22.862,-6.861,4.911,1.608,22.855,-6.861,4.837,1.458,0.059,0.078,0.699,0.292,3.418
11477010460550000,LASER,23.106,-6.778,4.870,1.737,23.092,-6.844,4.822,1.478,0.059,0.078,0.698,0.292,1.951
11477010460600000,RADAR,23.348,-6.688,4.824,1.866,23.315,-6.755,4.762,1.621,0.059,0.078,0.697,0.292,4.478
11477010460650000,LASER,23.588,-6.591,4.775,1.995,23.552,-6.670,4.724,1.732,0.059,0.078,0.696,0.292,0.002
11477010460700000,RADAR,23.826,-6.488,4.723,2.122,23.800,-6.606,4.709,1.790,0.059,0.078,0.695,0.292,2.350
11477010460750000,LASER,24.060,-6.379,4.666,2.249,24.019,-6.492,4.647,1.930,0.059,0.078,0.694,0.292,1.161
11477010460800000,RADAR,24.292,-6.263,4.606,2.374,24.245,-6.377,4.582,2.074,0.059,0.078,0.693,0.292,0.989
11477010460850000,LASER,24.521,-6.142,4.543,2.498,24.485,-6.239,4.526,2.227,0.059,0.078,0.692,0.292,1.537
11477010460900000,RADAR,24.746,-6.014,4.475,2.620,24.723,-6.147,4.508,2.276,0.059,0.079,0.691,0.292,2.521
11477010460950000,LASER,24.968,-5.880,4.404,2.741,24.947,-6.017,4.448,2.397,0.059,0.079,0.690,0.292,0.118
11477010461000000,RADAR,25.187,-5.740,4.330,2.860,25.162,-5.883,4.374,2.526,0.059,0.079,0.689,0.292,0.501
11477010461050000,LASER,25.401,-5.594,4.252,2.978,25.391,-5.735,4.314,2.652,0.058,0.079,0.688,0.292,1.046
11477010461100000,RADAR,25.612,-5.442,4.171,3.093,25.587,-5.585,4.215,2.792,0.058,0.080,0.688,0.292,2.802
11477010461150000,LASER,25.818,-5.284,4.086,3.206,25.757,-5.345,4.053,3.031,0.058,0.079,0.687,0.292,8.869
11477010461200000,RADAR,26.020,-5.121,3.998,3.317,25.953,-5.188,3.966,3.142,0.058,0.079,0.686,0.292,0.105
11477010461250000,LASER,26.218,-4.953,3.907,3.426,26.155,-5.056,3.907,3.206,0.058,0.080,0.685,0.292,0.594
11477010461300000,RADAR,26.411,-4.779,3.812,3.532,26.346,-4.873,3.802,3.338,0.058,0.080,0.684,0.291,5.728
11477010461350000,LASER,26.599,-4.600,3.714,3.636,26.536,-4.649,3.681,3.501,0.058,0.079,0.683,0.291,3.231
11477010461400000,RADAR,26.782,-4.415,3.614,3.737,26.736,-4.492,3.642,3.546,0.058,0.079,0.682,0.291,2.123
11477010461450000,LASER,26.960,-4.226,3.510,3.835,26.901,-4.321,3.540,3.632,0.058,0.080,0.681,0.291,1.133
11477010461500000,RADAR,27.133,-4.032,3.404,3.930,27.096,-4.159,3.515,3.660,0.058,0.080,0.680,0.291,4.977
11477010461550000,LASER,27.301,-3.833,3.295,4.023,27.299,-3.959,3.449,3.753,0.058,0.080,0.679,0.290,4.131
11477010461600000,RADAR,27.462,-3.630,3.183,4.112,27.464,-3.757,3.318,3.873,0.058,0.080,0.678,0.290,4.530
11477010461650000,LASER,27.619,-3.422,3.069,4.198,27.646,-3.555,3.238,3.955,0.058,0.080,0.678,0.290,1.363
11477010461700000,RADAR,27.769,-3.210,2.952,4.280,27.801,-3.343,3.110,4.062,0.058,0.080,0.677,0.290,2.768
11477010461750000,LASER,27.914,-2.994,2.834,4.360,27.932,-3.094,2.955,4.189,0.058,0.080,0.676,0.290,2.190
11477010461800000,RADAR,28.053,-2.774,2.712,4.436,28.072,-2.877,2.834,4.271,0.058,0.081,0.675,0.290,0.364
11477010461850000,LASER,28.185,-2.550,2.589,4.508,28.182,-2.622,2.664,4.388,0.058,0.081,0.674,0.289,2.456
11477010461900000,RADAR,28.312,-2.323,2.464,4.577,28.293,-2.387,2.489,4.489,0.058,0.080,0.673,0.289,1.805
11477010461950000,LASER,28.432,-2.093,2.337,4.643,28.439,-2.172,2.403,4.541,0.058,0.080,0.672,0.289,1.306
11477010462000000,RADAR,28.545,-1.859,2.209,4.704,28.573,-1.954,2.323,4.583,0.058,0.081,0.671,0.288,0.850
11477010462050000,LASER,28.653,-1.622,2.079,4.762,28.704,-1.723,2.224,4.640,0.058,0.081,0.671,0.288,0.815
11477010462100000,RADAR,28.753,-1.383,1.947,4.816,28.807,-1.493,2.117,4.685,0.058,0.081,0.670,0.288,3.430
11477010462150000,LASER,28.847,-1.141,1.815,4.866,28.911,-1.225,1.980,4.765,0.058,0.081,0.669,0.287,2.001
11477010462200000,RADAR,28.935,-0.896,1.681,4.913,28.993,-0.980,1.843,4.817,0.058,0.081,0.668,0.287,4.088
11477010462250000,LASER,29.015,-0.649,1.546,4.955,29.069,-0.720,1.692,4.879,0.058,0.081,0.667,0.287,0.544
11477010462300000,RADAR,29.089,-0.401,1.410,4.994,29.121,-0.460,1.486,4.947,0.058,0.081,0.666,0.286,2.658
11477010462350000,LASER,29.156,-0.150,1.274,5.029,29.182,-0.231,1.347,4.971,0.058,0.081,0.666,0.286,1.342
11477010462400000,RADAR,29.217,0.102,1.137,5.060,29.247,0.027,1.182,5.020,0.057,0.081,0.665,0.286,6.011
11477010462450000,LASER,29.270,0.356,0.999,5.087,29.296,0.297,1.026,5.064,0.057,0.081,0.664,0.285,0.609
11477010462500000,RADAR,29.317,0.611,0.862,5.110,29.340,0.554,0.881,5.092,0.057,0.080,0.663,0.285,0.720
11477010462550000,LASER,29.356,0.867,0.724,5.129,29.410,0.776,0.794,5.093,0.057,0.081,0.662,0.284,2.553
11477010462600000,RADAR,29.389,1.124,0.586,5.144,29.430,1.042,0.604,5.123,0.057,0.081,0.661,0.284,3.219
11477010462650000,LASER,29.415,1.382,0.448,5.156,29.473,1.312,0.478,5.149,0.057,0.080,0.661,0.284,1.323
11477010462700000,RADAR,29.434,1.640,0.310,5.163,29.507,1.570,0.349,5.163,0.057,0.080,0.660,0.283,2.547
11477010462750000,LASER,29.446,1.898,0.173,5.167,29.506,1.835,0.183,5.173,0.057,0.080,0.659,0.283,0.360
11477010462800000,RADAR,29.451,2.156,0.036,5.167,29.499,2.094,-0.008,5.177,0.057,0.080,0.658,0.283,2.282
11477010462850000,LASER,29.450,2.415,-0.100,5.164,29.481,2.389,-0.186,5.196,0.057,0.080,0.657,0.282,3.056
11477010462900000,RADAR,29.441,2.673,-0.235,5.156,29.464,2.648,-0.349,5.187,0.057,0.080,0.656,0.282,0.332
11477010462950000,LASER,29.426,2.930,-0.370,5.146,29.483,2.940,-0.448,5.206,0.057,0.080,0.656,0.282,6.858
11477010463000000,RADAR,29.404,3.187,-0.503,5.131,29.450,3.201,-0.588,5.191,0.057,0.080,0.655,0.281,3.298
11477010463050000,LASER,29.376,3.444,-0.636,5.113,29.441,3.448,-0.697,5.171,0.057,0.080,0.654,0.281,1.137
11477010463100000,RADAR,29.341,3.699,-0.767,5.092,29.394,3.706,-0.847,5.148,0.057,0.080,0.653,0.281,1.103
11477010463150000,LASER,29.299,3.953,-0.897,5.067,29.332,3.932,-1.010,5.096,0.057,0.080,0.652,0.280,3.136
11477010463200000,RADAR,29.251,4.206,-1.026,5.039,29.312,4.188,-1.081,5.081,0.057,0.080,0.652,0.280,2.860
11477010463250000,LASER,29.196,4.457,-1.153,5.008,29.224,4.424,-1.261,5.027,0.057,0.080,0.651,0.280,2.458
11477010463300000,RADAR,29.136,4.707,-1.278,4.973,29.151,4.674,-1.403,4.989,0.057,0.079,0.650,0.279,0.770
11477010463350000,LASER,29.069,4.954,-1.402,4.936,29.062,4.936,-1.562,4.951,0.057,0.079,0.649,0.279,0.769
11477010463400000,RADAR,28.995,5.200,-1.524,4.896,28.996,5.185,-1.644,4.921,0.057,0.079,0.649,0.279,2.696
11477010463450000,LASER,28.916,5.444,-1.644,4.853,28.955,5.423,-1.715,4.889,0.057,0.079,0.648,0.278,3.535
11477010463500000,RADAR,28.831,5.686,-1.762,4.807,28.853,5.672,-1.866,4.839,0.057,0.079,0.647,0.278,6.601
11477010463550000,LASER,28.740,5.925,-1.878,4.758,28.759,5.918,-1.992,4.793,0.057,0.079,0.646,0.278,0.083
11477010463600000,RADAR,28.643,6.162,-1.992,4.707,28.637,6.157,-2.154,4.727,0.057,0.079,0.646,0.277,3.459
11477010463650000,LASER,28.541,6.396,-2.104,4.654,28.529,6.387,-2.277,4.665,0.057,0.079,0.645,0.277,0.088
11477010463700000,RADAR,28.433,6.627,-2.214,4.598,28.457,6.633,-2.334,4.638,0.057,0.079,0.644,0.277,11.916
11477010463750000,LASER,28.319,6.856,-2.321,4.540,28.356,6.844,-2.433,4.568,0.057,0.079,0.643,0.276,1.683
11477010463800000,RADAR,28.201,7.081,-2.426,4.479,28.235,7.070,-2.527,4.512,0.057,0.079,0.643,0.276,2.577
11477010463850000,LASER,28.076,7.304,-2.529,4.417,28.111,7.334,-2.632,4.481,0.056,0.078,0.642,0.276,3.716
11477010463900000,RADAR,27.948,7.523,-2.629,4.353,27.978,7.560,-2.743,4.417,0.056,0.078,0.641,0.275,0.976
11477010463950000,LASER,27.813,7.739,-2.727,4.287,27.847,7.779,-2.842,4.350,0.056,0.078,0.640,0.275,0.183
11477010464000000,RADAR,27.675,7.952,-2.823,4.219,27.694,7.992,-2.962,4.271,0.056,0.078,0.640,0.275,0.756
11477010464050000,LASER,27.531,8.161,-2.916,4.149,27.531,8.204,-3.084,4.187,0.056,0.078,0.639,0.274,0.265
11477010464100000,RADAR,27.383,8.367,-3.006,4.078,27.357,8.396,-3.242,4.066,0.056,0.078,0.638,0.274,3.806
11477010464150000,LASER,27.230,8.569,-3.094,4.006,27.206,8.582,-3.334,3.973,0.056,0.078,0.638,0.274,1.101
11477010464200000,RADAR,27.074,8.768,-3.179,3.933,27.037,8.782,-3.445,3.882,0.056,0.078,0.637,0.273,1.748
11477010464250000,LASER,26.913,8.963,-3.262,3.858,26.828,9.013,-3.581,3.806,0.056,0.078,0.636,0.273,7.420
11477010464300000,RADAR,26.747,9.154,-3.342,3.782,26.642,9.199,-3.666,3.720,0.056,0.078,0.636,0.273,4.437
11477010464350000,LASER,26.578,9.341,-3.420,3.705,26.442,9.356,-3.782,3.586,0.057,0.078,0.635,0.273,1.473
11477010464400000,RADAR,26.405,9.525,-3.495,3.628,26.283,9.555,-3.806,3.553,0.057,0.078,0.635,0.272,3.867
11477010464450000,LASER,26.229,9.704,-3.568,3.549,26.101,9.755,-3.879,3.488,0.057,0.078,0.634,0.272,1.115
11477010464500000,RADAR,26.048,9.880,-3.638,3.470,25.926,9.950,-3.899,3.461,0.057,0.078,0.634,0.272,6.715
11477010464550000,LASER,25.865,10.051,-3.705,3.391,25.744,10.092,-3.970,3.345,0.058,0.078,0.633,0.271,2.478
11477010464600000,RADAR,25.678,10.219,-3.770,3.311,25.547,10.260,-4.050,3.249,0.058,0.077,0.632,0.271,0.874
11477010464650000,LASER,25.487,10.383,-3.833,3.230,25.349,10.375,-4.129,3.104,0.058,0.077,0.632,0.271,4.004
11477010464700000,RADAR,25.294,10.542,-3.893,3.150,25.150,10.545,-4.176,3.043,0.059,0.077,0.631,0.271,4.586
11477010464750000,LASER,25.098,10.698,-3.950,3.069,24.933,10.691,-4.253,2.935,0.059,0.077,0.631,0.270,0.088
11477010464800000,RADAR,24.899,10.849,-4.006,2.988,24.728,10.848,-4.285,2.881,0.060,0.077,0.630,0.270,3.963
11477010464850000,LASER,24.697,10.997,-4.059,2.907,24.521,10.975,-4.344,2.770,0.060,0.077,0.630,0.270,0.728
11477010464900000,RADAR,24.493,11.140,-4.109,2.826,24.324,11.137,-4.377,2.718,0.061,0.077,0.629,0.270,6.710
11477010464950000,LASER,24.286,11.280,-4.157,2.746,24.129,11.282,-4.411,2.648,0.061,0.077,0.628,0.269,1.660
11477010465000000,RADAR,24.077,11.415,-4.204,2.666,23.914,11.409,-4.466,2.546,0.061,0.077,0.628,0.269,2.620
11477010465050000,LASER,23.866,11.546,-4.247,2.586,23.694,11.483,-4.525,2.385,0.062,0.077,0.627,0.269,4.134
11477010465100000,RADAR,23.652,11.674,-4.289,2.506,23.485,11.618,-4.543,2.336,0.062,0.077,0.627,0.269,1.958
11477010465150000,LASER,23.437,11.797,-4.329,2.427,23.267,11.738,-4.584,2.248,0.063,0.077,0.626,0.269,0.308
11477010465200000,RADAR,23.219,11.916,-4.366,2.348,23.045,11.861,-4.614,2.181,0.063,0.077,0.625,0.268,0.858
11477010465250000,LASER,23.000,12.032,-4.402,2.270,22.816,11.977,-4.656,2.095,0.064,0.077,0.625,0.268,0.111
11477010465300000,RADAR,22.779,12.144,-4.435,2.193,22.601,12.104,-4.667,2.057,0.064,0.076,0.624,0.268,2.338
11477010465350000,LASER,22.556,12.251,-4.467,2.116,22.377,12.195,-4.701,1.954,0.065,0.076,0.624,0.268,0.511
11477010465400000,RADAR,22.332,12.355,-4.497,2.041,22.164,12.321,-4.691,1.950,0.065,0.076,0.623,0.268,5.765
11477010465450000,LASER,22.106,12.455,-4.525,1.966,21.912,12.407,-4.743,1.840,0.066,0.076,0.622,0.267,0.827
11477010465500000,RADAR,21.879,12.552,-4.551,1.892,21.687,12.511,-4.764,1.775,0.066,0.076,0.622,0.267,2.132
11477010465550000,LASER,21.651,12.645,-4.576,1.819,21.455,12.584,-4.793,1.668,0.067,0.076,0.621,0.267,0.418
11477010465600000,RADAR,21.421,12.734,-4.599,1.747,21.230,12.684,-4.795,1.636,0.067,0.076,0.621,0.267,3.309
11477010465650000,LASER,21.191,12.820,-4.620,1.676,21.025,12.837,-4.788,1.662,0.068,0.076,0.620,0.266,8.462
11477010465700000,RADAR,20.959,12.902,-4.640,1.606,20.788,12.925,-4.817,1.582,0.068,0.076,0.619,0.266,1.906
11477010465750000,LASER,20.727,12.980,-4.659,1.538,20.579,12.992,-4.820,1.497,0.068,0.076,0.619,0.266,3.795
11477010465800000,RADAR,20.493,13.056,-4.676,1.471,20.337,13.041,-4.862,1.348,0.069,0.076,0.618,0.266,6.429
11477010465850000,LASER,20.259,13.128,-4.691,1.404,20.110,13.130,-4.872,1.299,0.069,0.076,0.617,0.265,1.470
11477010465900000,RADAR,20.024,13.196,-4.706,1.339,19.866,13.209,-4.882,1.259,0.069,0.076,0.617,0.265,4.107
11477010465950000,LASER,19.788,13.262,-4.719,1.276,19.650,13.233,-4.884,1.132,0.069,0.076,0.616,0.265,4.385
11477010466000000,RADAR,19.552,13.324,-4.731,1.214,19.412,13.316,-4.890,1.104,0.070,0.076,0.616,0.265,4.236
11477010466050000,LASER,19.315,13.383,-4.742,1.153,19.148,13.378,-4.922,1.027,0.070,0.075,0.615,0.264,1.382
11477010466100000,RADAR,19.077,13.439,-4.752,1.093,18.903,13.422,-4.936,0.940,0.070,0.075,0.614,0.264,1.730
11477010466150000,LASER,18.840,13.493,-4.761,1.035,18.670,13.441,-4.941,0.824,0.071,0.075,0.614,0.264,1.341
11477010466200000,RADAR,18.601,13.543,-4.769,0.979,18.418,13.482,-4.957,0.742,0.071,0.075,0.613,0.264,0.978
11477010466250000,LASER,18.362,13.590,-4.776,0.924,18.205,13.565,-4.945,0.739,0.072,0.075,0.613,0.264,6.798
11477010466300000,RADAR,18.123,13.635,-4.783,0.870,17.962,13.636,-4.942,0.743,0.072,0.075,0.612,0.264,5.818
11477010466350000,LASER,17.884,13.677,-4.788,0.818,17.739,13.685,-4.935,0.693,0.072,0.075,0.611,0.263,2.288
11477010466400000,RADAR,17.644,13.717,-4.793,0.767,17.501,13.724,-4.942,0.620,0.072,0.075,0.611,0.263,3.258
11477010466450000,LASER,17.404,13.754,-4.797,0.718,17.259,13.748,-4.948,0.538,0.073,0.075,0.610,0.263,0.116
11477010466500000,RADAR,17.164,13.789,-4.801,0.671,17.020,13.793,-4.949,0.496,0.073,0.075,0.609,0.263,2.219
11477010466550000,LASER,16.924,13.821,-4.804,0.625,16.790,13.841,-4.945,0.462,0.073,0.075,0.609,0.263,1.891
11477010466600000,RADAR,16.684,13.852,-4.806,0.580,16.549,13.857,-4.943,0.396,0.073,0.075,0.608,0.263,4.916
11477010466650000,LASER,16.443,13.880,-4.808,0.538,16.337,13.852,-4.922,0.298,0.073,0.075,0.608,0.263,4.379
11477010466700000,RADAR,16.203,13.905,-4.810,0.496,16.100,13.891,-4.914,0.296,0.073,0.075,0.607,0.262,2.767
11477010466750000,LASER,15.962,13.929,-4.811,0.457,15.884,13.891,-4.896,0.214,0.073,0.075,0.606,0.262,3.122
11477010466800000,RADAR,15.722,13.951,-4.812,0.419,15.648,13.912,-4.888,0.187,0.073,0.074,0.606,0.262,3.605
11477010466850000,LASER,15.481,13.971,-4.812,0.383,15.411,13.930,-4.886,0.139,0.073,0.074,0.605,0.262,0.344
11477010466900000,RADAR,15.240,13.990,-4.812,0.348,15.178,13.954,-4.880,0.107,0.073,0.074,0.605,0.262,2.868
11477010466950000,LASER,15.000,14.006,-4.812,0.315,14.962,13.980,-4.863,0.081,0.073,0.074,0.604,0.262,3.914
11477010467000000,RADAR,14.759,14.021,-4.812,0.283,14.738,13.987,-4.851,0.027,0.073,0.074,0.603,0.262,9.645
11477010467050000,LASER,14.518,14.034,-4.811,0.254,14.488,13.985,-4.857,-0.038,0.073,0.074,0.603,0.262,0.226
11477010467100000,RADAR,14.278,14.046,-4.811,0.225,14.242,13.981,-4.856,-0.094,0.073,0.074,0.602,0.262,0.574
11477010467150000,LASER,14.037,14.057,-4.810,0.199,13.976,13.992,-4.873,-0.134,0.073,0.074,0.601,0.263,1.828
11477010467200000,RADAR,13.797,14.066,-4.809,0.174,13.718,13.986,-4.878,-0.168,0.073,0.074,0.601,0.263,9.105
11477010467250000,LASER,13.556,14.075,-4.808,0.151,13.480,13.991,-4.874,-0.204,0.073,0.074,0.600,0.263,0.420
11477010467300000,RADAR,13.316,14.082,-4.807,0.129,13.236,13.992,-4.870,-0.219,0.073,0.074,0.600,0.263,2.070
11477010467350000,LASER,13.075,14.087,-4.806,0.109,13.007,13.970,-4.856,-0.286,0.073,0.074,0.599,0.264,0.689
11477010467400000,RADAR,12.835,14.092,-4.805,0.091,12.767,13.966,-4.849,-0.295,0.073,0.074,0.598,0.264,3.400
11477010467450000,LASER,12.595,14.097,-4.805,0.075,12.539,13.947,-4.835,-0.350,0.073,0.075,0.598,0.264,0.615
11477010467500000,RADAR,12.355,14.100,-4.804,0.060,12.305,13.965,-4.827,-0.311,0.073,0.075,0.597,0.265,4.141
11477010467550000,LASER,12.114,14.103,-4.803,0.046,12.087,14.004,-4.815,-0.273,0.073,0.075,0.597,0.265,6.936
11477010467600000,RADAR,11.874,14.105,-4.802,0.035,11.846,14.033,-4.814,-0.218,0.073,0.075,0.596,0.265,4.479
11477010467650000,LASER,11.634,14.106,-4.802,0.025,11.596,14.001,-4.816,-0.287,0.073,0.075,0.595,0.265,1.013
11477010467700000,RADAR,11.394,14.107,-4.801,0.017,11.361,14.044,-4.812,-0.200,0.073,0.075,0.595,0.265,7.909
11477010467750000,LASER,11.154,14.108,-4.801,0.010,11.106,14.067,-4.823,-0.182,0.073,0.075,0.594,0.265,1.403
11477010467800000,RADAR,10.914,14.108,-4.800,0.005,10.870,14.057,-4.819,-0.220,0.073,0.075,0.594,0.264,1.206
11477010467850000,LASER,10.674,14.108,-4.800,0.002,10.611,14.051,-4.831,-0.243,0.073,0.075,0.593,0.264,1.033
