time,sensortype,gt_x,gt_y,gt_vx,gt_vy,est_x,est_y,est_vx,est_vy,rmse_x,rmse_y,rmse_vx,rmse_vy,nis
1477010443050000,RADAR,0.860,0.600,5.200,0.002,0.863,0.534,4.893,0.000,0.424,0.427,3.683,0.001,0.000
1477010443150000,RADAR,1.380,0.601,5.199,0.011,1.106,0.365,4.705,2.125,0.354,0.326,2.621,1.057,1.897
1477010443250000,RADAR,1.900,0.602,5.198,0.027,1.586,0.426,5.523,1.019,0.384,0.292,2.153,1.284,0.631
1477010443350000,RADAR,2.420,0.606,5.196,0.050,2.000,0.558,5.416,1.852,0.417,0.261,1.870,1.327,0.128
1477010443450000,RADAR,2.939,0.613,5.193,0.081,2.675,0.617,5.518,0.444,0.438,0.234,1.677,1.320,1.582
1477010443550000,RADAR,3.458,0.623,5.190,0.118,3.305,0.516,5.413,-0.673,0.430,0.216,1.535,1.230,2.364
1477010443650000,RADAR,3.977,0.637,5.185,0.163,3.920,0.586,5.471,-0.039,0.413,0.202,1.425,1.161,2.343
1477010443750000,RADAR,4.495,0.655,5.180,0.214,4.472,0.632,5.391,0.210,0.395,0.190,1.336,1.087,0.851
1477010443850000,RADAR,5.013,0.680,5.173,0.273,5.008,0.648,5.303,0.200,0.378,0.180,1.261,1.025,2.340
1477010443950000,RADAR,5.530,0.710,5.164,0.338,5.499,0.671,5.316,0.293,0.364,0.171,1.197,0.973,1.301
1477010444050000,RADAR,6.046,0.748,5.154,0.410,6.001,0.525,5.268,-0.400,0.352,0.170,1.142,0.944,2.909
1477010444150000,RADAR,6.561,0.793,5.142,0.488,6.519,0.639,5.243,0.078,0.343,0.173,1.094,0.924,2.135
1477010444250000,RADAR,7.075,0.846,5.127,0.573,7.040,0.623,5.193,-0.020,0.335,0.176,1.051,0.900,3.616
1477010444350000,RADAR,7.587,0.907,5.109,0.665,7.626,0.697,5.243,0.213,0.327,0.180,1.013,0.879,3.867
1477010444450000,RADAR,8.097,0.979,5.089,0.762,8.147,0.775,5.194,0.385,0.319,0.184,0.980,0.857,3.223
1477010444550000,RADAR,8.605,1.060,5.065,0.865,8.653,1.043,5.125,1.009,0.311,0.183,0.949,0.834,5.407
1477010444650000,RADAR,9.110,1.152,5.038,0.974,9.237,1.127,5.155,1.065,0.304,0.178,0.921,0.809,5.125
1477010444750000,RADAR,9.613,1.255,5.007,1.089,9.781,1.314,5.118,1.328,0.298,0.173,0.895,0.787,1.981
1477010444850000,RADAR,10.112,1.370,4.971,1.208,10.283,1.549,5.004,1.655,0.292,0.171,0.872,0.770,2.939
1477010444950000,RADAR,10.607,1.497,4.930,1.333,10.759,1.757,4.886,1.883,0.285,0.173,0.850,0.758,3.878
1477010445050000,RADAR,11.098,1.637,4.884,1.462,11.286,1.807,4.929,1.773,0.280,0.173,0.829,0.745,2.098
1477010445150000,RADAR,11.584,1.790,4.833,1.596,11.748,1.903,4.891,1.769,0.275,0.171,0.810,0.730,2.993
1477010445250000,RADAR,12.065,1.956,4.776,1.733,12.233,2.093,4.854,1.892,0.271,0.168,0.793,0.714,0.514
1477010445350000,RADAR,12.539,2.137,4.713,1.873,12.730,2.164,4.878,1.814,0.267,0.165,0.776,0.699,2.376
1477010445450000,RADAR,13.007,2.331,4.643,2.017,13.224,2.400,4.845,1.973,0.263,0.162,0.762,0.686,1.845
1477010445550000,RADAR,13.468,2.540,4.566,2.163,13.563,2.789,4.609,2.366,0.258,0.163,0.748,0.673,12.670
1477010445650000,RADAR,13.921,2.764,4.481,2.311,14.002,2.991,4.542,2.446,0.254,0.164,0.734,0.661,1.131
1477010445750000,RADAR,14.365,3.003,4.390,2.461,14.493,3.144,4.562,2.423,0.251,0.163,0.721,0.649,1.474
1477010445850000,RADAR,14.799,3.257,4.290,2.612,14.917,3.491,4.458,2.643,0.247,0.163,0.710,0.638,2.207
1477010445950000,RADAR,15.223,3.526,4.183,2.762,15.332,3.845,4.319,2.867,0.244,0.166,0.698,0.627,1.179
1477010446050000,RADAR,15.636,3.810,4.067,2.913,15.774,4.023,4.294,2.861,0.241,0.167,0.688,0.617,2.224
1477010446150000,RADAR,16.036,4.109,3.943,3.063,16.184,4.327,4.173,3.012,0.238,0.167,0.679,0.608,2.064
1477010446250000,RADAR,16.424,4.422,3.810,3.211,16.613,4.607,4.108,3.098,0.236,0.166,0.671,0.599,0.274
1477010446350000,RADAR,16.798,4.751,3.668,3.357,16.940,5.024,3.851,3.378,0.233,0.167,0.662,0.590,6.931
1477010446450000,RADAR,17.158,5.094,3.518,3.500,17.310,5.303,3.727,3.471,0.230,0.167,0.654,0.582,3.235
1477010446550000,RADAR,17.502,5.451,3.359,3.639,17.656,5.582,3.579,3.570,0.228,0.165,0.646,0.574,5.245
1477010446650000,RADAR,17.830,5.822,3.192,3.775,17.944,6.020,3.313,3.807,0.225,0.165,0.639,0.566,3.097
1477010446750000,RADAR,18.140,6.206,3.015,3.905,18.225,6.480,3.080,4.005,0.222,0.165,0.631,0.559,0.754
1477010446850000,RADAR,18.433,6.603,2.831,4.029,18.479,6.937,2.824,4.188,0.220,0.168,0.623,0.552,0.843
1477010446950000,RADAR,18.706,7.012,2.638,4.147,18.769,7.338,2.684,4.277,0.217,0.170,0.615,0.546,0.091
1477010447050000,RADAR,18.960,7.433,2.438,4.257,18.933,7.797,2.348,4.447,0.215,0.173,0.608,0.539,5.231
1477010447150000,RADAR,19.194,7.864,2.229,4.360,19.184,8.185,2.195,4.508,0.213,0.176,0.601,0.533,0.856
1477010447250000,RADAR,19.406,8.305,2.014,4.454,19.368,8.606,1.996,4.580,0.211,0.177,0.594,0.527,3.144
1477010447350000,RADAR,19.597,8.755,1.792,4.540,19.556,9.017,1.774,4.651,0.209,0.177,0.587,0.522,1.777
1477010447450000,RADAR,19.765,9.213,1.563,4.615,19.685,9.505,1.491,4.749,0.207,0.178,0.581,0.516,0.557
1477010447550000,RADAR,19.909,9.678,1.329,4.680,19.766,9.993,1.163,4.833,0.206,0.179,0.574,0.511,1.681
1477010447650000,RADAR,20.030,10.149,1.090,4.734,19.829,10.565,0.928,4.906,0.206,0.183,0.569,0.506,4.100
1477010447750000,RADAR,20.127,10.625,0.846,4.777,19.861,11.056,0.612,4.949,0.207,0.187,0.563,0.501,1.476
1477010447850000,RADAR,20.199,11.104,0.598,4.807,19.885,11.612,0.380,4.989,0.210,0.193,0.558,0.496,2.060
1477010447950000,RADAR,20.247,11.586,0.347,4.826,19.773,12.156,-0.093,5.008,0.216,0.201,0.554,0.492,6.119
1477010448050000,RADAR,20.269,12.069,0.093,4.832,19.833,12.589,-0.171,4.981,0.223,0.208,0.550,0.488,4.578
1477010448150000,RADAR,20.265,12.552,-0.162,4.825,19.780,13.048,-0.503,4.948,0.230,0.214,0.546,0.483,2.529
1477010448250000,RADAR,20.236,13.034,-0.417,4.804,19.833,13.440,-0.659,4.900,0.236,0.217,0.542,0.479,6.232
1477010448350000,RADAR,20.182,13.513,-0.673,4.771,19.768,13.901,-0.883,4.854,0.240,0.218,0.537,0.475,0.564
1477010448450000,RADAR,20.102,13.988,-0.928,4.724,19.712,14.321,-1.123,4.785,0.243,0.219,0.533,0.471,2.380
1477010448550000,RADAR,19.996,14.457,-1.181,4.663,19.588,14.770,-1.371,4.711,0.246,0.219,0.528,0.466,0.519
1477010448650000,RADAR,19.865,14.920,-1.432,4.589,19.502,15.157,-1.551,4.622,0.249,0.219,0.524,0.462,3.770
1477010448750000,RADAR,19.710,15.375,-1.679,4.502,19.323,15.575,-1.945,4.469,0.250,0.218,0.520,0.459,11.143
1477010448850000,RADAR,19.530,15.820,-1.922,4.402,19.185,15.954,-2.146,4.349,0.252,0.216,0.516,0.455,2.576
1477010448950000,RADAR,19.326,16.255,-2.159,4.289,18.990,16.364,-2.329,4.240,0.253,0.215,0.512,0.451,1.005
1477010449050000,RADAR,19.098,16.678,-2.391,4.163,18.793,16.746,-2.545,4.097,0.253,0.213,0.508,0.447,1.469
1477010449150000,RADAR,18.848,17.087,-2.616,4.025,18.521,17.160,-2.867,3.898,0.253,0.212,0.504,0.444,8.979
1477010449250000,RADAR,18.575,17.482,-2.833,3.875,18.316,17.534,-2.942,3.813,0.253,0.211,0.501,0.440,5.341
1477010449350000,RADAR,18.281,17.862,-3.042,3.714,18.047,17.893,-3.084,3.681,0.252,0.209,0.497,0.437,1.521
1477010449450000,RADAR,17.967,18.225,-3.242,3.542,17.748,18.190,-3.309,3.455,0.251,0.208,0.493,0.434,2.495
1477010449550000,RADAR,17.633,18.570,-3.432,3.360,17.539,18.517,-3.403,3.328,0.249,0.208,0.489,0.430,8.156
1477010449650000,RADAR,17.281,18.896,-3.613,3.168,17.220,18.784,-3.582,3.104,0.247,0.207,0.486,0.427,1.883
1477010449750000,RADAR,16.911,19.203,-3.782,2.968,16.883,19.136,-3.714,2.960,0.246,0.207,0.482,0.424,3.254
1477010449850000,RADAR,16.525,19.489,-3.940,2.759,16.487,19.470,-3.885,2.765,0.244,0.206,0.479,0.421,2.791
1477010449950000,RADAR,16.124,19.755,-4.087,2.544,16.082,19.615,-4.064,2.437,0.243,0.205,0.476,0.418,10.797
1477010450050000,RADAR,15.708,19.998,-4.222,2.321,15.725,19.830,-4.133,2.269,0.242,0.206,0.472,0.415,3.187
1477010450150000,RADAR,15.280,20.219,-4.344,2.093,15.265,20.149,-4.250,2.121,0.241,0.206,0.469,0.412,6.499
1477010450250000,RADAR,14.840,20.416,-4.454,1.861,14.822,20.318,-4.362,1.866,0.240,0.205,0.466,0.410,1.418
1477010450350000,RADAR,14.390,20.590,-4.551,1.624,14.345,20.524,-4.475,1.631,0.239,0.204,0.463,0.407,1.095
1477010450450000,RADAR,13.930,20.741,-4.636,1.384,13.887,20.681,-4.564,1.378,0.238,0.203,0.460,0.404,0.314
1477010450550000,RADAR,13.463,20.867,-4.708,1.142,13.441,20.749,-4.645,1.033,0.236,0.202,0.457,0.402,2.318
1477010450650000,RADAR,12.990,20.969,-4.767,0.898,12.999,20.869,-4.690,0.801,0.236,0.202,0.455,0.399,1.834
1477010450750000,RADAR,12.511,21.047,-4.814,0.653,12.460,20.987,-4.760,0.540,0.235,0.201,0.452,0.397,2.935
1477010450850000,RADAR,12.028,21.100,-4.848,0.409,12.011,21.030,-4.777,0.269,0.234,0.200,0.449,0.395,1.059
1477010450950000,RADAR,11.542,21.128,-4.870,0.165,11.529,21.003,-4.780,-0.052,0.233,0.199,0.446,0.393,1.196
1477010451050000,RADAR,11.054,21.133,-4.880,-0.077,11.013,20.934,-4.772,-0.394,0.232,0.198,0.444,0.391,3.856
1477010451150000,RADAR,10.567,21.113,-4.878,-0.316,10.453,20.951,-4.783,-0.585,0.232,0.198,0.441,0.389,4.943
1477010451250000,RADAR,10.080,21.070,-4.866,-0.552,9.976,20.927,-4.756,-0.796,0.231,0.198,0.439,0.388,1.517
1477010451350000,RADAR,9.594,21.003,-4.843,-0.785,9.492,20.902,-4.733,-0.920,0.230,0.197,0.436,0.386,3.170
1477010451450000,RADAR,9.112,20.913,-4.809,-1.014,9.063,20.825,-4.674,-1.117,0.229,0.196,0.434,0.383,2.171
1477010451550000,RADAR,8.633,20.800,-4.766,-1.237,8.700,20.644,-4.560,-1.372,0.228,0.195,0.432,0.381,4.271
1477010451650000,RADAR,8.159,20.666,-4.714,-1.455,8.252,20.492,-4.480,-1.612,0.228,0.195,0.430,0.379,0.029
1477010451750000,RADAR,7.691,20.510,-4.653,-1.668,7.844,20.336,-4.378,-1.850,0.228,0.194,0.428,0.377,3.261
1477010451850000,RADAR,7.229,20.333,-4.584,-1.874,7.385,20.145,-4.290,-2.066,0.229,0.194,0.427,0.376,0.457
1477010451950000,RADAR,6.775,20.135,-4.509,-2.074,6.949,19.963,-4.204,-2.236,0.230,0.193,0.425,0.374,0.628
1477010452050000,RADAR,6.328,19.918,-4.426,-2.266,6.533,19.785,-4.115,-2.388,0.231,0.192,0.424,0.372,2.587
1477010452150000,RADAR,5.890,19.682,-4.337,-2.452,6.062,19.522,-3.999,-2.640,0.232,0.192,0.423,0.370,2.704
1477010452250000,RADAR,5.461,19.428,-4.244,-2.630,5.701,19.221,-3.833,-2.856,0.233,0.191,0.422,0.369,0.587
1477010452350000,RADAR,5.042,19.157,-4.145,-2.801,5.352,18.990,-3.730,-2.943,0.235,0.191,0.422,0.367,4.512
1477010452450000,RADAR,4.633,18.869,-4.043,-2.964,4.883,18.730,-3.649,-3.104,0.238,0.190,0.421,0.365,3.121
1477010452550000,RADAR,4.234,18.565,-3.937,-3.119,4.525,18.443,-3.539,-3.207,0.240,0.189,0.421,0.363,1.412
1477010452650000,RADAR,3.846,18.246,-3.828,-3.266,4.100,18.159,-3.414,-3.396,0.242,0.188,0.420,0.362,8.101
1477010452750000,RADAR,3.469,17.912,-3.718,-3.406,3.801,17.846,-3.282,-3.481,0.244,0.187,0.420,0.360,2.726
1477010452850000,RADAR,3.103,17.565,-3.606,-3.538,3.386,17.526,-3.172,-3.633,0.246,0.187,0.420,0.358,3.767
1477010452950000,RADAR,2.748,17.205,-3.493,-3.663,3.122,17.120,-2.922,-3.838,0.248,0.186,0.421,0.356,1.355
1477010453050000,RADAR,2.404,16.833,-3.381,-3.780,2.774,16.786,-2.855,-3.882,0.252,0.185,0.422,0.355,3.157
1477010453150000,RADAR,2.072,16.450,-3.268,-3.890,2.368,16.407,-2.809,-3.957,0.254,0.185,0.422,0.353,6.560
1477010453250000,RADAR,1.751,16.056,-3.157,-3.993,2.013,16.065,-2.765,-3.991,0.255,0.184,0.422,0.351,2.076
1477010453350000,RADAR,1.441,15.652,-3.046,-4.088,1.753,15.631,-2.551,-4.149,0.257,0.184,0.422,0.350,1.116
1477010453450000,RADAR,1.142,15.239,-2.938,-4.177,1.382,15.269,-2.522,-4.191,0.258,0.183,0.422,0.348,2.743
1477010453550000,RADAR,0.854,14.817,-2.832,-4.260,1.077,14.909,-2.481,-4.203,0.259,0.183,0.422,0.347,2.647
1477010453650000,RADAR,0.576,14.387,-2.730,-4.336,0.852,14.446,-2.263,-4.343,0.259,0.184,0.421,0.345,1.413
1477010453750000,RADAR,0.308,13.950,-2.630,-4.406,0.562,13.987,-2.092,-4.481,0.260,0.184,0.422,0.343,5.088
1477010453850000,RADAR,0.050,13.507,-2.534,-4.471,0.330,13.529,-1.898,-4.594,0.261,0.184,0.424,0.342,2.210
1477010453950000,RADAR,-0.199,13.057,-2.442,-4.530,0.057,13.095,-1.834,-4.632,0.262,0.184,0.425,0.340,1.383
1477010454050000,RADAR,-0.439,12.601,-2.354,-4.583,-0.241,12.638,-1.816,-4.663,0.262,0.184,0.427,0.339,3.732
1477010454150000,RADAR,-0.670,12.140,-2.271,-4.632,-0.549,12.223,-1.833,-4.668,0.262,0.184,0.427,0.338,3.289
1477010454250000,RADAR,-0.893,11.675,-2.193,-4.676,-0.843,11.764,-1.821,-4.700,0.261,0.184,0.427,0.336,2.113
1477010454350000,RADAR,-1.109,11.206,-2.120,-4.715,-1.030,11.289,-1.748,-4.717,0.260,0.185,0.426,0.335,3.623
1477010454450000,RADAR,-1.317,10.732,-2.053,-4.751,-1.200,10.812,-1.586,-4.783,0.260,0.185,0.426,0.333,0.638
1477010454550000,RADAR,-1.519,10.256,-1.991,-4.782,-1.384,10.302,-1.448,-4.855,0.259,0.186,0.427,0.332,1.774
1477010454650000,RADAR,-1.715,9.776,-1.935,-4.809,-1.563,9.841,-1.391,-4.862,0.259,0.186,0.428,0.330,0.963
1477010454750000,RADAR,-1.906,9.294,-1.885,-4.833,-1.814,9.356,-1.380,-4.897,0.258,0.186,0.428,0.329,3.247
1477010454850000,RADAR,-2.093,8.810,-1.841,-4.853,-1.980,8.901,-1.343,-4.890,0.257,0.187,0.429,0.328,1.691
1477010454950000,RADAR,-2.275,8.324,-1.804,-4.870,-2.246,8.399,-1.398,-4.912,0.257,0.187,0.429,0.326,4.141
1477010455050000,RADAR,-2.453,7.836,-1.772,-4.884,-2.369,7.966,-1.314,-4.898,0.256,0.188,0.429,0.325,4.474
1477010455150000,RADAR,-2.629,7.347,-1.748,-4.895,-2.682,7.486,-1.515,-4.867,0.255,0.189,0.429,0.324,7.532
1477010455250000,RADAR,-2.803,6.857,-1.730,-4.903,-2.812,7.016,-1.414,-4.885,0.254,0.190,0.427,0.322,0.541
1477010455350000,RADAR,-2.976,6.367,-1.718,-4.908,-2.934,6.540,-1.405,-4.864,0.253,0.191,0.427,0.321,5.730
1477010455450000,RADAR,-3.147,5.876,-1.713,-4.910,-3.159,6.051,-1.450,-4.874,0.252,0.192,0.426,0.320,2.874
1477010455550000,RADAR,-3.318,5.385,-1.715,-4.909,-3.347,5.541,-1.514,-4.870,0.251,0.194,0.425,0.318,3.903
1477010455650000,RADAR,-3.490,4.894,-1.723,-4.905,-3.488,5.044,-1.458,-4.890,0.250,0.195,0.423,0.317,0.165
1477010455750000,RADAR,-3.663,4.404,-1.738,-4.899,-3.683,4.525,-1.553,-4.884,0.249,0.196,0.422,0.316,4.904
1477010455850000,RADAR,-3.838,3.915,-1.759,-4.889,-3.870,4.038,-1.570,-4.888,0.248,0.197,0.421,0.315,0.810
1477010455950000,RADAR,-4.015,3.426,-1.787,-4.877,-4.082,3.597,-1.687,-4.834,0.247,0.197,0.420,0.314,3.986
1477010456050000,RADAR,-4.196,2.939,-1.821,-4.861,-4.294,3.080,-1.788,-4.831,0.247,0.198,0.418,0.312,3.196
1477010456150000,RADAR,-4.380,2.454,-1.862,-4.842,-4.474,2.566,-1.802,-4.845,0.246,0.199,0.416,0.311,0.948
1477010456250000,RADAR,-4.568,1.971,-1.909,-4.820,-4.672,2.068,-1.927,-4.811,0.245,0.200,0.415,0.310,5.975
1477010456350000,RADAR,-4.762,1.490,-1.961,-4.794,-4.900,1.559,-2.047,-4.795,0.244,0.200,0.413,0.309,3.186
1477010456450000,RADAR,-4.961,1.012,-2.020,-4.765,-5.101,1.086,-2.084,-4.773,0.243,0.200,0.412,0.308,0.247
1477010456550000,RADAR,-5.166,0.537,-2.085,-4.731,-5.255,0.518,-2.065,-4.828,0.243,0.201,0.410,0.307,7.958
1477010456650000,RADAR,-5.378,0.065,-2.155,-4.694,-5.492,0.053,-2.090,-4.814,0.242,0.200,0.409,0.306,5.033
1477010456750000,RADAR,-5.597,-0.402,-2.230,-4.652,-5.730,-0.373,-2.173,-4.746,0.241,0.200,0.407,0.305,2.256
1477010456850000,RADAR,-5.825,-0.865,-2.311,-4.605,-5.923,-0.853,-2.241,-4.715,0.240,0.200,0.406,0.304,6.662
1477010456950000,RADAR,-6.060,-1.323,-2.396,-4.554,-6.081,-1.383,-2.197,-4.757,0.239,0.200,0.405,0.303,3.838
1477010457050000,RADAR,-6.304,-1.776,-2.486,-4.498,-6.326,-1.853,-2.341,-4.704,0.239,0.199,0.404,0.303,5.423
1477010457150000,RADAR,-6.557,-2.223,-2.579,-4.436,-6.625,-2.281,-2.477,-4.625,0.238,0.199,0.403,0.302,2.568
1477010457250000,RADAR,-6.820,-2.663,-2.677,-4.368,-6.921,-2.719,-2.609,-4.555,0.237,0.198,0.401,0.301,1.193
1477010457350000,RADAR,-7.093,-3.097,-2.778,-4.295,-7.172,-3.181,-2.646,-4.533,0.236,0.198,0.400,0.301,0.144
1477010457450000,RADAR,-7.376,-3.522,-2.883,-4.216,-7.452,-3.668,-2.697,-4.534,0.236,0.198,0.399,0.301,3.566
1477010457550000,RADAR,-7.670,-3.940,-2.990,-4.130,-7.720,-4.101,-2.773,-4.476,0.235,0.197,0.398,0.301,1.176
1477010457650000,RADAR,-7.975,-4.349,-3.099,-4.038,-8.009,-4.546,-2.842,-4.435,0.234,0.197,0.397,0.302,0.083
1477010457750000,RADAR,-8.290,-4.748,-3.209,-3.939,-8.294,-4.975,-2.871,-4.395,0.233,0.197,0.397,0.303,2.177
1477010457850000,RADAR,-8.617,-5.136,-3.321,-3.832,-8.595,-5.340,-2.947,-4.287,0.233,0.196,0.397,0.305,5.373
1477010457950000,RADAR,-8.955,-5.514,-3.434,-3.719,-8.907,-5.750,-3.017,-4.229,0.232,0.196,0.397,0.307,0.430
1477010458050000,RADAR,-9.304,-5.880,-3.546,-3.598,-9.189,-6.097,-3.060,-4.129,0.232,0.196,0.398,0.309,8.211
1477010458150000,RADAR,-9.664,-6.234,-3.659,-3.470,-9.533,-6.478,-3.151,-4.049,0.232,0.196,0.398,0.312,1.104
1477010458250000,RADAR,-10.036,-6.574,-3.770,-3.334,-9.989,-6.776,-3.393,-3.841,0.232,0.196,0.399,0.314,6.519
1477010458350000,RADAR,-10.419,-6.901,-3.879,-3.190,-10.342,-7.109,-3.494,-3.726,0.232,0.195,0.399,0.316,1.874
1477010458450000,RADAR,-10.812,-7.212,-3.986,-3.039,-10.755,-7.388,-3.655,-3.540,0.231,0.195,0.399,0.318,2.783
1477010458550000,RADAR,-11.216,-7.509,-4.090,-2.880,-11.120,-7.697,-3.734,-3.423,0.231,0.195,0.399,0.321,1.487
1477010458650000,RADAR,-11.630,-7.788,-4.191,-2.713,-11.511,-7.963,-3.838,-3.261,0.231,0.194,0.399,0.323,2.616
1477010458750000,RADAR,-12.055,-8.051,-4.287,-2.539,-11.910,-8.213,-3.921,-3.096,0.231,0.194,0.399,0.325,3.677
1477010458850000,RADAR,-12.488,-8.296,-4.378,-2.358,-12.352,-8.455,-4.058,-2.917,0.232,0.193,0.399,0.328,2.236
1477010458950000,RADAR,-12.930,-8.523,-4.464,-2.169,-12.779,-8.644,-4.154,-2.699,0.232,0.193,0.398,0.330,4.488
1477010459050000,RADAR,-13.381,-8.730,-4.543,-1.973,-13.288,-8.823,-4.311,-2.454,0.232,0.192,0.398,0.332,2.440
1477010459150000,RADAR,-13.839,-8.917,-4.615,-1.770,-13.754,-8.909,-4.417,-2.130,0.232,0.192,0.397,0.333,7.827
1477010459250000,RADAR,-14.304,-9.084,-4.680,-1.561,-14.237,-9.083,-4.517,-1.948,0.232,0.191,0.396,0.334,1.539
1477010459350000,RADAR,-14.775,-9.229,-4.737,-1.346,-14.681,-9.259,-4.571,-1.780,0.232,0.191,0.395,0.335,0.666
1477010459450000,RADAR,-15.252,-9.353,-4.784,-1.125,-15.180,-9.437,-4.648,-1.616,0.232,0.190,0.394,0.336,3.177
1477010459550000,RADAR,-15.732,-9.454,-4.823,-0.899,-15.696,-9.492,-4.732,-1.298,0.232,0.190,0.393,0.338,2.723
1477010459650000,RADAR,-16.216,-9.533,-4.851,-0.669,-16.248,-9.454,-4.819,-0.896,0.232,0.189,0.392,0.338,2.664
1477010459750000,RADAR,-16.703,-9.588,-4.869,-0.434,-16.685,-9.476,-4.825,-0.622,0.232,0.189,0.391,0.338,6.213
1477010459850000,RADAR,-17.190,-9.620,-4.876,-0.196,-17.107,-9.738,-4.824,-0.688,0.231,0.189,0.389,0.338,6.046
1477010459950000,RADAR,-17.678,-9.627,-4.872,0.044,-17.651,-9.695,-4.869,-0.349,0.231,0.188,0.388,0.340,2.561
1477010460050000,RADAR,-18.165,-9.611,-4.856,0.287,-18.174,-9.587,-4.878,0.043,0.231,0.188,0.387,0.340,1.875
1477010460150000,RADAR,-18.649,-9.570,-4.829,0.531,-18.627,-9.589,-4.860,0.219,0.231,0.187,0.386,0.340,1.567
1477010460250000,RADAR,-19.130,-9.504,-4.789,0.775,-19.090,-9.495,-4.829,0.478,0.231,0.187,0.385,0.340,4.011
1477010460350000,RADAR,-19.607,-9.415,-4.736,1.019,-19.595,-9.295,-4.774,0.885,0.230,0.186,0.384,0.340,2.102
1477010460450000,RADAR,-20.078,-9.301,-4.671,1.262,-20.114,-8.991,-4.688,1.325,0.230,0.186,0.383,0.339,5.573
1477010460550000,RADAR,-20.541,-9.162,-4.593,1.503,-20.563,-8.978,-4.657,1.404,0.230,0.187,0.382,0.338,2.227
1477010460650000,RADAR,-20.996,-9.000,-4.502,1.742,-21.063,-8.791,-4.590,1.661,0.229,0.186,0.381,0.338,1.986
1477010460750000,RADAR,-21.441,-8.814,-4.399,1.977,-21.538,-8.605,-4.505,1.904,0.229,0.186,0.380,0.337,1.396
1477010460850000,RADAR,-21.875,-8.605,-4.283,2.207,-21.972,-8.216,-4.297,2.361,0.228,0.187,0.379,0.336,5.321
1477010460950000,RADAR,-22.297,-8.373,-4.154,2.432,-22.387,-7.970,-4.185,2.543,0.228,0.188,0.378,0.335,1.529
1477010461050000,RADAR,-22.706,-8.118,-4.014,2.651,-22.764,-7.772,-4.049,2.721,0.227,0.189,0.377,0.334,2.005
1477010461150000,RADAR,-23.100,-7.842,-3.862,2.864,-23.156,-7.525,-3.870,2.968,0.227,0.190,0.376,0.334,4.343
1477010461250000,RADAR,-23.478,-7.546,-3.698,3.068,-23.544,-7.234,-3.753,3.110,0.226,0.190,0.375,0.333,1.331
1477010461350000,RADAR,-23.839,-7.229,-3.523,3.264,-23.925,-6.898,-3.604,3.290,0.226,0.191,0.374,0.332,0.352
1477010461450000,RADAR,-24.182,-6.893,-3.338,3.451,-24.273,-6.497,-3.394,3.521,0.225,0.191,0.373,0.331,0.802
1477010461550000,RADAR,-24.507,-6.539,-3.143,3.629,-24.609,-6.209,-3.202,3.688,0.225,0.192,0.372,0.330,4.435
1477010461650000,RADAR,-24.811,-6.168,-2.938,3.796,-24.887,-5.825,-2.958,3.879,0.224,0.192,0.371,0.329,0.931
1477010461750000,RADAR,-25.094,-5.780,-2.725,3.951,-25.146,-5.386,-2.709,4.058,0.224,0.193,0.370,0.328,1.421
1477010461850000,RADAR,-25.356,-5.378,-2.504,4.096,-25.438,-5.031,-2.564,4.142,0.223,0.194,0.369,0.327,1.378
1477010461950000,RADAR,-25.595,-4.962,-2.276,4.228,-25.672,-4.762,-2.426,4.174,0.223,0.194,0.369,0.327,8.299
1477010462050000,RADAR,-25.811,-4.533,-2.041,4.348,-25.908,-4.348,-2.238,4.274,0.222,0.193,0.368,0.326,0.324
1477010462150000,RADAR,-26.003,-4.092,-1.801,4.455,-26.156,-3.959,-1.990,4.400,0.222,0.193,0.367,0.325,10.400
1477010462250000,RADAR,-26.171,-3.642,-1.556,4.549,-26.327,-3.525,-1.670,4.533,0.221,0.193,0.367,0.324,3.786
1477010462350000,RADAR,-26.314,-3.183,-1.307,4.630,-26.434,-3.043,-1.309,4.653,0.221,0.192,0.366,0.323,1.956
1477010462450000,RADAR,-26.432,-2.717,-1.055,4.697,-26.542,-2.629,-1.023,4.709,0.220,0.192,0.365,0.323,1.267
1477010462550000,RADAR,-26.525,-2.245,-0.801,4.751,-26.640,-2.131,-0.768,4.764,0.220,0.192,0.364,0.322,0.447
1477010462650000,RADAR,-26.592,-1.767,-0.546,4.791,-26.684,-1.627,-0.506,4.799,0.220,0.191,0.363,0.321,2.338
1477010462750000,RADAR,-26.634,-1.287,-0.290,4.819,-26.687,-1.206,-0.175,4.803,0.219,0.191,0.363,0.320,2.509
1477010462850000,RADAR,-26.650,-0.804,-0.034,4.832,-26.747,-0.797,0.038,4.791,0.219,0.191,0.362,0.319,4.248
1477010462950000,RADAR,-26.641,-0.321,0.221,4.833,-26.735,-0.320,0.347,4.783,0.218,0.191,0.361,0.319,2.311
1477010463050000,RADAR,-26.606,0.161,0.473,4.821,-26.701,0.150,0.636,4.755,0.218,0.191,0.360,0.318,1.920
1477010463150000,RADAR,-26.546,0.642,0.723,4.797,-26.662,0.604,0.843,4.715,0.217,0.190,0.359,0.317,1.084
1477010463250000,RADAR,-26.462,1.120,0.969,4.760,-26.550,1.194,1.061,4.702,0.217,0.191,0.358,0.316,9.220
1477010463350000,RADAR,-26.353,1.594,1.211,4.712,-26.471,1.508,1.218,4.607,0.217,0.190,0.358,0.316,8.373
1477010463450000,RADAR,-26.220,2.062,1.448,4.652,-26.342,1.957,1.449,4.536,0.216,0.191,0.357,0.315,0.057
1477010463550000,RADAR,-26.063,2.523,1.680,4.582,-26.203,2.406,1.614,4.473,0.216,0.191,0.356,0.314,1.803
1477010463650000,RADAR,-25.884,2.977,1.905,4.502,-26.040,2.854,1.868,4.379,0.216,0.191,0.355,0.314,1.721
1477010463750000,RADAR,-25.683,3.423,2.125,4.412,-25.881,3.320,2.053,4.307,0.216,0.192,0.354,0.313,1.850
1477010463850000,RADAR,-25.460,3.859,2.337,4.314,-25.656,3.702,2.272,4.178,0.216,0.192,0.354,0.312,0.838
1477010463950000,RADAR,-25.216,4.285,2.541,4.207,-25.418,4.091,2.469,4.054,0.217,0.193,0.353,0.312,0.434
1477010464050000,RADAR,-24.952,4.700,2.738,4.093,-25.099,4.482,2.677,3.914,0.217,0.193,0.352,0.311,9.529
1477010464150000,RADAR,-24.669,5.103,2.927,3.971,-24.788,4.874,2.878,3.772,0.217,0.194,0.351,0.310,2.152
1477010464250000,RADAR,-24.367,5.494,3.108,3.844,-24.470,5.233,3.107,3.590,0.217,0.195,0.351,0.310,0.619
1477010464350000,RADAR,-24.048,5.871,3.280,3.711,-24.171,5.517,3.296,3.389,0.217,0.197,0.350,0.310,2.394
1477010464450000,RADAR,-23.712,6.235,3.443,3.574,-23.850,5.917,3.387,3.310,0.217,0.199,0.349,0.310,4.762
1477010464550000,RADAR,-23.360,6.586,3.598,3.432,-23.545,6.282,3.484,3.212,0.217,0.200,0.348,0.309,1.825
1477010464650000,RADAR,-22.993,6.921,3.744,3.288,-23.158,6.524,3.636,3.006,0.217,0.202,0.348,0.309,4.917
1477010464750000,RADAR,-22.612,7.243,3.881,3.140,-22.747,6.796,3.814,2.783,0.218,0.204,0.347,0.309,1.568
1477010464850000,RADAR,-22.217,7.549,4.010,2.991,-22.311,7.101,4.021,2.536,0.218,0.207,0.346,0.309,3.706
1477010464950000,RADAR,-21.810,7.841,4.130,2.841,-21.916,7.516,4.100,2.488,0.218,0.209,0.346,0.309,8.131
1477010465050000,RADAR,-21.392,8.117,4.242,2.690,-21.542,7.781,4.168,2.358,0.218,0.210,0.345,0.309,1.632
1477010465150000,RADAR,-20.963,8.378,4.345,2.539,-21.110,8.161,4.226,2.332,0.218,0.211,0.344,0.309,7.243
1477010465250000,RADAR,-20.524,8.625,4.441,2.388,-20.618,8.453,4.375,2.135,0.218,0.212,0.343,0.309,4.412
1477010465350000,RADAR,-20.075,8.856,4.529,2.239,-20.203,8.719,4.407,2.070,0.218,0.212,0.343,0.308,2.507
1477010465450000,RADAR,-19.619,9.072,4.609,2.092,-19.792,8.950,4.427,2.002,0.219,0.212,0.342,0.308,2.416
1477010465550000,RADAR,-19.154,9.274,4.683,1.947,-19.287,9.236,4.534,1.869,0.219,0.212,0.342,0.307,4.248
1477010465650000,RADAR,-18.683,9.462,4.749,1.804,-18.865,9.376,4.582,1.689,0.220,0.211,0.341,0.306,1.290
1477010465750000,RADAR,-18.205,9.635,4.810,1.665,-18.369,9.397,4.685,1.326,0.220,0.211,0.341,0.306,6.461
1477010465850000,RADAR,-17.721,9.795,4.864,1.530,-17.857,9.586,4.740,1.210,0.221,0.211,0.340,0.306,3.910
1477010465950000,RADAR,-17.233,9.941,4.912,1.398,-17.362,9.753,4.797,1.058,0.221,0.212,0.339,0.306,0.815
1477010466050000,RADAR,-16.740,10.074,4.955,1.271,-16.860,9.882,4.843,0.899,0.221,0.212,0.339,0.306,0.553
1477010466150000,RADAR,-16.242,10.195,4.993,1.149,-16.350,10.038,4.889,0.773,0.221,0.212,0.338,0.306,1.322
1477010466250000,RADAR,-15.742,10.304,5.027,1.032,-15.853,10.166,4.911,0.682,0.222,0.212,0.337,0.306,1.032
1477010466350000,RADAR,-15.238,10.402,5.056,0.920,-15.259,10.266,4.997,0.431,0.222,0.211,0.337,0.307,8.619
1477010466450000,RADAR,-14.731,10.488,5.081,0.813,-14.779,10.275,4.978,0.335,0.222,0.211,0.336,0.308,6.832
1477010466550000,RADAR,-14.222,10.564,5.103,0.713,-14.250,10.340,5.001,0.207,0.222,0.211,0.335,0.309,1.039
1477010466650000,RADAR,-13.711,10.631,5.122,0.618,-13.723,10.470,5.015,0.235,0.222,0.211,0.335,0.309,4.801
1477010466750000,RADAR,-13.198,10.688,5.137,0.530,-13.194,10.541,5.036,0.148,0.221,0.211,0.334,0.309,0.770
1477010466850000,RADAR,-12.684,10.737,5.151,0.448,-12.644,10.683,5.066,0.175,0.221,0.211,0.334,0.309,3.734
1477010466950000,RADAR,-12.168,10.778,5.162,0.373,-12.116,10.768,5.078,0.175,0.221,0.211,0.333,0.309,1.705
1477010467050000,RADAR,-11.652,10.812,5.171,0.305,-11.551,10.833,5.108,0.126,0.221,0.210,0.332,0.309,2.932
1477010467150000,RADAR,-11.134,10.839,5.178,0.243,-11.077,10.707,5.086,-0.229,0.220,0.210,0.332,0.309,6.459
1477010467250000,RADAR,-10.616,10.861,5.184,0.188,-10.573,10.706,5.080,-0.322,0.220,0.210,0.331,0.310,0.369
1477010467350000,RADAR,-10.098,10.877,5.189,0.140,-10.038,10.824,5.098,-0.177,0.220,0.209,0.330,0.310,8.473
1477010467450000,RADAR,-9.579,10.889,5.193,0.099,-9.598,10.764,5.056,-0.250,0.220,0.209,0.330,0.310,3.671
1477010467550000,RADAR,-9.059,10.897,5.196,0.065,-9.112,10.719,5.038,-0.298,0.220,0.209,0.329,0.310,2.107
1477010467650000,RADAR,-8.540,10.902,5.198,0.038,-8.646,10.628,5.006,-0.381,0.220,0.209,0.329,0.311,3.835
1477010467750000,RADAR,-8.020,10.905,5.199,0.018,-8.109,10.691,5.031,-0.312,0.220,0.209,0.328,0.311,3.382
1477010467850000,RADAR,-7.500,10.906,5.200,0.005,-7.567,10.705,5.050,-0.270,0.220,0.209,0.328,0.311,2.669
