time,sensortype,gt_x,gt_y,gt_vx,gt_vy,est_x,est_y,est_vx,est_vy,rmse_x,rmse_y,rmse_vx,rmse_vy,nis
1477010448500000,LASER,20.052,14.223,-1.055,4.695,20.122,14.337,0.000,0.000,0.069,0.114,1.055,4.695,0.000
1477010448600000,LASER,19.934,14.690,-1.307,4.628,19.788,14.763,-0.033,-0.000,0.118,0.105,1.173,4.662,0.298
1477010448700000,LASER,19.791,15.149,-1.556,4.548,19.925,14.982,0.400,-0.005,0.115,0.131,1.408,4.626,5.392
1477010448800000,LASER,19.623,15.599,-1.801,4.454,19.928,15.173,0.295,0.065,0.171,0.245,1.631,4.576,9.731
1477010448900000,LASER,19.431,16.039,-2.041,4.347,19.710,15.386,-0.331,-0.335,0.222,0.375,1.715,4.562,28.020
1477010449000000,LASER,19.215,16.468,-2.276,4.227,19.588,15.528,-0.448,-0.411,0.257,0.514,1.736,4.575,37.025
1477010449100000,LASER,18.976,16.884,-2.504,4.095,19.510,15.771,-0.345,0.122,0.311,0.648,1.789,4.531,76.124
1477010449200000,LASER,18.714,17.287,-2.725,3.951,19.236,16.068,0.394,0.647,0.362,0.761,1.940,4.420,118.103
1477010449300000,LASER,18.431,17.674,-2.939,3.796,19.051,16.312,0.177,1.640,0.405,0.859,2.123,4.257,128.653
1477010449400000,LASER,18.127,18.045,-3.143,3.629,18.828,17.179,-2.495,0.419,0.451,0.909,2.145,4.121,86.613
1477010449500000,LASER,17.803,18.399,-3.338,3.452,18.193,17.698,0.853,2.856,0.476,0.907,2.241,3.981,33.840
1477010449600000,LASER,17.459,18.735,-3.524,3.265,17.766,18.329,-2.812,-1.726,0.474,0.890,2.325,3.945,28.922
1477010449700000,LASER,17.098,19.052,-3.699,3.069,17.452,18.552,1.658,3.137,0.470,0.867,2.480,3.909,15.069
1477010449800000,LASER,16.720,19.349,-3.863,2.865,16.885,18.936,-2.142,-3.144,0.465,0.847,2.627,3.935,15.225
1477010449900000,LASER,16.326,19.625,-4.015,2.652,16.460,19.126,-2.547,3.288,0.455,0.829,2.571,3.954,25.108
1477010450000000,LASER,15.918,19.879,-4.156,2.433,16.208,19.609,-1.151,4.249,0.447,0.811,2.559,3.840,9.572
1477010450100000,LASER,15.496,20.111,-4.285,2.208,15.707,19.945,-3.265,3.285,0.443,0.790,2.544,3.742,10.262
1477010450200000,LASER,15.061,20.320,-4.401,1.978,15.322,20.304,-3.351,3.354,0.439,0.768,2.483,3.646,2.060
1477010450300000,LASER,14.616,20.506,-4.504,1.743,14.830,20.568,-3.788,2.966,0.436,0.747,2.425,3.561,2.363
1477010450400000,LASER,14.161,20.669,-4.595,1.504,14.238,20.677,-4.383,2.034,0.430,0.728,2.365,3.476,4.397
1477010450500000,LASER,13.698,20.807,-4.674,1.263,13.659,20.754,-4.726,1.255,0.422,0.710,2.307,3.391,3.028
1477010450600000,LASER,13.227,20.921,-4.739,1.020,13.159,20.838,-4.828,0.880,0.414,0.694,2.253,3.312,0.205
1477010450700000,LASER,12.751,21.011,-4.792,0.775,12.746,21.009,-4.745,1.069,0.405,0.678,2.202,3.238,1.416
1477010450800000,LASER,12.269,21.076,-4.832,0.531,12.257,21.103,-4.805,0.871,0.398,0.664,2.155,3.169,0.153
1477010450900000,LASER,11.785,21.117,-4.860,0.287,11.732,21.009,-4.906,0.064,0.391,0.650,2.111,3.104,2.231
1477010451000000,LASER,11.298,21.134,-4.876,0.044,11.275,21.041,-4.876,-0.063,0.384,0.638,2.069,3.043,0.548
1477010451100000,LASER,10.810,21.126,-4.881,-0.197,10.809,20.978,-4.837,-0.441,0.378,0.626,2.029,2.985,0.580
1477010451200000,LASER,10.323,21.094,-4.873,-0.435,10.304,21.055,-4.860,-0.334,0.373,0.615,1.992,2.931,2.691
1477010451300000,LASER,9.837,21.039,-4.856,-0.669,9.855,20.997,-4.804,-0.581,0.367,0.604,1.957,2.879,1.129
1477010451400000,LASER,9.353,20.961,-4.827,-0.900,9.409,20.906,-4.736,-0.856,0.363,0.594,1.923,2.830,1.002
1477010451500000,LASER,8.872,20.859,-4.789,-1.126,8.894,20.816,-4.732,-1.073,0.359,0.584,1.892,2.783,2.002
1477010451600000,LASER,8.396,20.736,-4.741,-1.347,8.391,20.616,-4.666,-1.490,0.355,0.575,1.861,2.739,2.762
1477010451700000,LASER,7.924,20.590,-4.685,-1.562,7.921,20.454,-4.590,-1.730,0.350,0.566,1.833,2.696,0.069
1477010451800000,LASER,7.459,20.424,-4.620,-1.772,7.412,20.324,-4.577,-1.850,0.346,0.558,1.805,2.656,3.322
1477010451900000,LASER,7.001,20.236,-4.547,-1.975,6.931,20.155,-4.524,-2.016,0.342,0.550,1.779,2.617,0.817
1477010452000000,LASER,6.551,20.029,-4.468,-2.171,6.464,19.971,-4.460,-2.170,0.338,0.542,1.754,2.580,0.447
1477010452100000,LASER,6.108,19.803,-4.382,-2.360,5.990,19.781,-4.410,-2.299,0.334,0.535,1.729,2.544,1.114
1477010452200000,LASER,5.675,19.558,-4.291,-2.542,5.577,19.545,-4.283,-2.490,0.330,0.528,1.706,2.510,0.735
1477010452300000,LASER,5.251,19.295,-4.195,-2.716,5.149,19.333,-4.203,-2.598,0.326,0.521,1.684,2.478,0.738
1477010452400000,LASER,4.836,19.015,-4.094,-2.883,4.769,19.030,-4.029,-2.841,0.322,0.515,1.662,2.446,1.028
1477010452500000,LASER,4.432,18.719,-3.990,-3.042,4.385,18.759,-3.900,-2.987,0.318,0.509,1.642,2.416,0.674
1477010452600000,LASER,4.039,18.407,-3.883,-3.194,4.051,18.442,-3.701,-3.186,0.315,0.503,1.622,2.387,2.496
1477010452700000,LASER,3.656,18.081,-3.773,-3.337,3.639,18.146,-3.633,-3.292,0.312,0.497,1.603,2.358,1.885
1477010452800000,LASER,3.284,17.740,-3.662,-3.473,3.255,17.805,-3.518,-3.443,0.309,0.492,1.585,2.331,1.063
1477010452900000,LASER,2.924,17.387,-3.550,-3.602,2.891,17.543,-3.454,-3.459,0.306,0.488,1.567,2.305,4.452
